circle 4068.613515905381 3133.2340103891706 20
circle 3928.4592633167813 1714.5358914273513 20
circle 3748.938896637579 2209.9876006863374 20
circle 3591.9500755107865 3128.771320464747 20
circle 3602.2485691232623 3377.43324401408 20
circle 3550.028315112083 3058.7896057816406 20
circle 3390.963507745473 3291.956124107997 20
circle 3352.4425287161407 3167.4246268877155 20
circle 3290.8077972164574 983.6921631306493 20
circle 3283.6724078500583 2928.6352500007465 20
circle 3180.174840621637 983.2217043586329 20
circle 3157.299437355808 1824.472663945276 20
circle 3107.6457959895024 2451.658769491478 20
circle 3099.8894420459465 653.7596720755018 20
circle 3098.4801130796504 3730.0798583512405 20
circle 2920.951482128352 2151.917940882022 20
circle 2902.0427836024583 2528.3595523916265 20
circle 2861.2063910673096 1803.1428193545362 20
circle 2806.9012921094686 1222.016724994974 20
circle 2794.8365709792342 2906.487528322678 20
circle 2732.378156036238 2438.9712695426724 20
circle 2568.8764176481627 3101.7979137746934 20
circle 2565.1227996671464 2697.804212590461 20
circle 2519.8456715452708 2344.0014167957493 20
circle 2506.859459697124 4312.299240549132 20
circle 2504.35482631879 2390.8952800946877 20
circle 2479.3241714741425 2057.4396189666245 20
circle 2457.0567692913937 4079.6318306548646 20
circle 2453.504486140606 3917.8478565761143 20
circle 2447.2759365280394 2570.681096815492 20
circle 2421.957076108704 2649.603992369581 20
circle 2434.775084706224 2303.6379576637682 20
circle 2422.1961424005763 3254.379991979544 20
circle 2410.6904158844636 2453.0619997204585 20
circle 2395.040296004982 2590.215973990864 20
circle 2368.523376767568 3110.9798350086667 20
circle 2370.9654144329047 1779.9398527901967 20
circle 2371.0008198566948 1164.6878530259928 20
circle 2364.860365762691 4209.951806414016 20
circle 2366.7130112981395 2964.1598211402625 20
circle 2308.643716540749 2898.33907976403 20
circle 2311.79231238284 3392.859134788285 20
circle 2237.302980431493 1886.0173808389407 20
circle 2220.699588554153 2010.9974609473927 20
circle 2196.524748216427 2076.498019820367 20
circle 2171.0980229673887 2394.5750277523466 20
circle 2141.875730905983 791.6077493757275 20
circle 2125.2214858339653 2904.5129589143485 20
circle 2082.258461661919 3007.6506955849964 20
circle 2078.031877445658 2855.9572556490557 20
circle 2020.4779966144329 1981.406886379164 20
circle 1861.8745200237454 2503.5141312373717 20
circle 1758.5063730104898 1284.0034993611098 20
circle 1738.5689004075143 1432.2012409209667 20
circle 1701.6297867777143 3693.4948922352114 20
circle 1671.4189673293124 1336.8531315149594 20
circle 1586.904246204967 1480.9618333919916 20
circle 1583.5736927745224 2346.8213718068755 20
circle 1527.7514213970626 3264.0332199961103 20
circle 1536.279596856744 2306.0744904822272 20
circle 1445.7428896292904 2145.560251168967 20
circle 1312.148964400157 3627.5127138073713 20
circle 1258.4975386117642 2628.886376745232 20
circle 1166.2840741083767 1799.3554737749866 20
circle 1126.3323288515592 2972.460868658113 20
circle 1024.8828263616808 3330.751736499507 20
circle 874.8614935817232 2134.23025680197 20
circle 840.3634714047864 2779.0831259516913 20
circle 3182.2776213044226 3678.7694517038135 20
circle 2762.535783000645 3763.4935481165853 20
circle 2971.0294106484134 3622.2733883235915 20
circle 2046.9278653023134 3530.368599258243 20
circle 1314.1637123775365 3427.7370881883126 20
circle 3205.3915503428857 3119.386365406815 20
circle 3168.135951673583 3195.831287886598 20
circle 2651.384780583383 3274.4151316381276 20
circle 2156.8273094720935 3291.81442335085 20
circle 2194.354734568865 3235.955940240583 20
circle 1580.6499395160927 3257.2009666671065 20
circle 2929.2656958356215 3128.597217358531 20
circle 1872.4829611763603 3073.2751208374407 20
circle 2161.1386985053014 2933.134609512551 20
circle 2041.369126875587 3033.388248915887 20
circle 2617.4160513226375 2849.376417473991 20
circle 2898.2279339328297 2707.2198704480593 20
circle 1765.3911864077259 2660.6442722200595 20
circle 2558.799862588706 2525.1927737963247 20
circle 2386.538799724968 2250.3999424914846 20
circle 2028.6812952067314 2356.3474302621257 20
circle 1919.7222245125945 2021.11927946187 20
circle 2431.3019792179957 2099.3199698355234 20
circle 3382.413815347892 1624.6397223819981 20
circle 4250.66391702371 2367.405702023155 20
circle 3684.9818205734246 3307.2818640703554 20
circle 3672.2376848640824 1978.4225864250097 20
circle 3134.044423892679 3335.2155852149335 20
circle 2999.13253426014 3585.7906427658195 20
circle 2807.6728529412253 4070.9426794822166 20
circle 2737.445423423699 1333.464989049503 20
circle 2586.687783665296 3331.0574115661825 20
circle 2460.269455095498 2756.3444053098433 20
circle 2309.2742580051945 2331.135690816013 20
circle 1806.0890379838688 2971.5686265378054 20
circle 3263.2905907155327 3710.678252560655 20
circle 2368.6230990923086 3617.619835770525 20
circle 2397.18668261457 3704.5857799962514 20
circle 1930.8732987651074 3602.7202119635012 20
circle 1481.4334481595297 3550.8260485166657 20
circle 2116.0328246276945 3456.21250199633 20
circle 3185.153858871271 3508.369071774664 20
circle 2213.1876437244273 3448.356611079169 20
circle 2268.7265434441238 3452.258236603018 20
circle 2169.9706121138147 3376.5949820413416 20
circle 1881.3572023668544 3382.155933079118 20
circle 2909.405365528499 3300.918935491266 20
circle 3186.403967759831 3175.7889039443708 20
circle 2263.0405572055547 3151.4780942683637 20
circle 2926.099271832417 3023.5374952955085 20
circle 3054.9137256411695 2950.144790523178 20
circle 1389.8891636570888 3130.3307851029676 20
circle 2486.062053898172 2903.259538320096 20
circle 1907.380753474564 2917.0982319147197 20
circle 2384.724732856277 2845.479934180662 20
circle 1491.0179923871756 2837.187554395977 20
circle 2585.3811476811507 2902.2374500674914 20
circle 2955.2103945186946 2722.094870541479 20
circle 1803.8887171228494 2728.9283971430195 20
circle 3097.959073202111 2373.359910027587 20
circle 2079.853342969503 2524.2305587862475 20
circle 1694.7630071255219 2535.0560467118767 20
circle 1610.0100695982974 2407.125052318106 20
circle 1712.4225725499068 2434.678182285098 20
circle 1744.2405925249718 2061.301894647316 20
circle 3065.214413885228 2031.903646652521 20
circle 1885.946211974779 1850.2963409696777 20
circle 1903.469623019489 2064.497890293228 20
circle 2217.6498181570223 1567.9567600823175 20
circle 1818.864790645855 1518.4899270966919 20
