# for stage1:
# omit systems #5 and #105 because it is not clear how to match counter-images
# omit system #64 because it's not clear how to match counter-images, and one looks invisible

1
0.0 0.0 10000.0
0.0 10000.0
0.0 10000.0
0.0 10000.0

24

3 1.0 1.0 1.0 1.688
-28.5912 -24.0012  1.0  1.0 1.0e4  0 0  # 1.1 1.688
-23.6743 -34.4608  1.0  1.0 1.0e4  0 0  # 1.2 1.688
  6.5976 -45.8501  1.0  1.0 1.0e4  0 0  # 1.3 1.688

2 1.0 1.0 1.0 3.9803
 -3.2346  12.1500  1.0  1.0 1.0e4  0 0  # 3.1 3.9803
 -1.4232  12.4100  1.0  1.0 1.0e4  0 0  # 3.2 3.9803

5 1.0 1.0 1.0 3.5719
-11.7730 -19.3802  1.0  1.0 1.0e4  0 0  # 4.1 3.5719
-22.6406 -15.7407  1.0  1.0 1.0e4  0 0  # 4.2 3.5719
 24.5794 -42.0309  1.0  1.0 1.0e4  0 0  # 4.3 3.5719
-15.1364 -27.5903  1.0  1.0 1.0e4  0 0  # 4.4 3.5719
-16.3007 -28.2804  1.0  1.0 1.0e4  0 0  # 4.5 3.5719

3 1.0 1.0 1.0 2.016
-31.6968 -16.3814  1.0  1.0 1.0e4  0 0  # 6.1 2.016
-17.7232 -38.7404  1.0  1.0 1.0e4  0 0  # 6.2 2.016
  5.9508 -43.6401  1.0  1.0 1.0e4  0 0  # 6.3 2.016

2 1.0 1.0 1.0 3.975
 -4.2697  10.4800  1.0  1.0 1.0e4  0 0  # 8.1 3.975
 -1.5526  10.9000  1.0  1.0 1.0e4  0 0  # 8.2 3.975

2 1.0 1.0 1.0 2.655
 -0.2587 -31.0600  1.0  1.0 1.0e4  0 0  # 10.1 2.655
  2.9755 -33.2300  1.0  1.0 1.0e4  0 0  # 10.2 2.655

3 1.0 1.0 1.0 5.6605
 -7.5042   6.0799  1.0  1.0 1.0e4  0 0  # 18.1 5.6605
 -0.1294   5.8100  1.0  1.0 1.0e4  0 0  # 18.2 5.6605
 37.9057 -26.0120  1.0  1.0 1.0e4  0 0  # 18.3 5.6605

3 1.0 1.0 1.0 5.283
  1.2936 -51.7000  1.0  1.0 1.0e4  0 0  # 22.1 5.283
-36.4827 -25.8019  1.0  1.0 1.0e4  0 0  # 22.2 5.283
-25.4849 -42.4109  1.0  1.0 1.0e4  0 0  # 22.3 5.283

3 1.0 1.0 1.0 1.043
-23.5455 -26.0408  1.0  1.0 1.0e4  0 0  # 24.1 1.043
-21.0872 -31.2606  1.0  1.0 1.0e4  0 0  # 24.2 1.043
  3.1048 -42.6700  1.0  1.0 1.0e4  0 0  # 24.3 1.043

3 1.0 1.0 1.0 3.052
-17.4642 -44.7704  1.0  1.0 1.0e4  0 0  # 26.1 3.052
 -6.3388 -48.0101  1.0  1.0 1.0e4  0 0  # 26.2 3.052
-36.4832 -20.5919  1.0  1.0 1.0e4  0 0  # 26.3 3.052

3 1.0 1.0 1.0 1.025
 -8.2803  -0.7001  1.0  1.0 1.0e4  0 0  # 30.1 1.025
  5.0458  -3.3700  1.0  1.0 1.0e4  0 0  # 30.2 1.025
 19.9237 -16.0306  1.0  1.0 1.0e4  0 0  # 30.3 1.025

2 1.0 1.0 1.0 4.7584
  7.5036 -21.3001  1.0  1.0 1.0e4  0 0  # 31.1 4.7584
 14.3602 -24.7203  1.0  1.0 1.0e4  0 0  # 31.2 4.7584

3 1.0 1.0 1.0 5.7235
 11.2554 -21.2302  1.0  1.0 1.0e4  0 0  # 33.1 5.7235
 12.1610 -22.1002  1.0  1.0 1.0e4  0 0  # 33.2 5.7235
-37.5212   7.6980  1.0  1.0 1.0e4  0 0  # 33.3 5.7235

3 1.0 1.0 1.0 3.785
-15.7822 -48.9304  1.0  1.0 1.0e4  0 0  # 34.1 3.785
-17.0759 -48.5104  1.0  1.0 1.0e4  0 0  # 34.2 3.785
-38.0351 -26.2221  1.0  1.0 1.0e4  0 0  # 34.3 3.785

2 1.0 1.0 1.0 2.649
 -2.1995   8.4100  1.0  1.0 1.0e4  0 0  # 37.1 2.649
 -1.3197   8.6900  1.0  1.0 1.0e4  0 0  # 37.2 2.649

3 1.0 1.0 1.0 4.015
 -1.4233  16.9900  1.0  1.0 1.0e4  0 0  # 39.1 4.015
 -0.6469  17.0700  1.0  1.0 1.0e4  0 0  # 39.2 4.015
 33.7676  -8.3316  1.0  1.0 1.0e4  0 0  # 39.3 4.015

3 1.0 1.0 1.0  4.015
 -2.3290  16.5100  1.0  1.0 1.0e4  0 0  # 40.1 4.015
  0.3882  16.9100  1.0  1.0 1.0e4  0 0  # 40.2 4.015
 33.5089  -7.6416  1.0  1.0 1.0e4  0 0  # 40.3 4.015

4 1.0 1.0 1.0 4.9098
-33.6382  -8.4016  1.0  1.0 1.0e4  0 0  # 41.1 4.9098
-16.2226 -37.8704  1.0  1.0 1.0e4  0 0  # 41.2alt 4.9098
 15.1358 -40.5003  1.0  1.0 1.0e4  0 0  # 41.3 4.9098
 -7.0895 -25.9501  1.0  1.0 1.0e4  0 0  # 41.4alt 4.9098

5 1.0 1.0 1.0 3.69
-27.8159 -12.0911  1.0  1.0 1.0e4  0 0  # 42.1 3.69
 -8.1505 -21.6401  1.0  1.0 1.0e4  0 0  # 42.2 3.69
 20.9572 -40.9806  1.0  1.0 1.0e4  0 0  # 42.3 3.69
-18.3703 -32.9005  1.0  1.0 1.0e4  0 0  # 42.4 3.69
-12.6653 -28.5986  1.0  1.0 1.0e4  0 0  # 42.5 3.69

2 1.0 1.0 1.0 2.952
-21.8639 -23.5207  1.0  1.0 1.0e4  0 0  # 61.1 2.952
-21.4756 -25.9207  1.0  1.0 1.0e4  0 0  # 61.2 2.952

2 1.0 1.0 1.0 4.1925
 -9.2920  -5.0149  1.0  1.0 1.0e4  0 0  # 62.1 4.1925
 -6.9826  -6.0049  1.0  1.0 1.0e4  0 0  # 62.2 4.1925

4 1.0 1.0 1.0 5.6599
 18.8527 -35.6981  1.0  1.0 1.0e4  0 0  # 63.1 5.6599
-13.7376 -35.1795  1.0  1.0 1.0e4  0 0  # 63.2 5.6599
 -2.4840 -22.2084  1.0  1.0 1.0e4  0 0  # 63.3 5.6599
-32.5169  -3.7059  1.0  1.0 1.0e4  0 0  # 63.4 5.6599

# 2 1.0 1.0 1.0 3.4072
#  22.1600  -5.2495  1.0  1.0 1.0e4  0 0  # 64.1 3.4072
# -24.8406  10.8639  1.0  1.0 1.0e4  0 0  # 64.2 3.4072

# 3 1.0 1.0 1.0 4.0225
#   4.3708  23.5656  1.0  1.0 1.0e4  0 0  # 5.1alt 4.0225
#  10.4080  21.1534  1.0  1.0 1.0e4  0 0  # 5.2 4.0225
#  26.0062   8.9198  1.0  1.0 1.0e4  0 0  # 5.3 4.0225

# 4 1.0 1.0 1.0 4.0225
#  15.2250  18.6477  1.0  1.0 1.0e4  0 0  # 105.1 4.0225
#  18.7611  16.0591  1.0  1.0 1.0e4  0 0  # 105.2 4.0225
#  24.5986  10.5615  1.0  1.0 1.0e4  0 0  # 105.3 4.0225
#  22.5842  13.0529  1.0  1.0 1.0e4  0 0  # 105.4 4.0225

3 1.0 1.0 1.0 4.0225
 -5.6801  18.2484  1.0  1.0 1.0e4  0 0  # 47.1 4.0225
  7.7374  18.0215  1.0  1.0 1.0e4  0 0  # 47.2 4.0225
 31.0640  -3.1802  1.0  1.0 1.0e4  0 0  # 47.3 4.0225

3 1.0 1.0 1.0 4.0225
 -4.1792  18.4104  1.0  1.0 1.0e4  0 0  # 147.1 4.0225
  5.8354  18.4392  1.0  1.0 1.0e4  0 0  # 147.2 4.0225
 32.0602  -4.1127  1.0  1.0 1.0e4  0 0  # 147.3 4.0225

