circle 1935.98 2119.48 20
circle 2017.9283333333333 1945.1533333333334 20
circle 2522.46 1755.331666666667 20
circle 2358.59 2722.0 20
circle 2388.78 2726.3333333333335 20
circle 2216.2833333333333 2196.496666666667 20
circle 2035.1566666666668 2257.155 20
circle 2822.1566666666668 1818.9850000000001 20
circle 2160.2266666666665 2059.661666666667 20
circle 2140.8216666666667 2048.16 20
circle 1884.22 2246.4766666666665 20
circle 2117.1133333333332 1873.8266666666668 20
circle 2511.68 1792.165 20
circle 2341.338333333333 2694.1666666666665 20
circle 2386.6233333333334 2701.1666666666665 20
circle 2408.1883333333335 2001.8333333333335 20
circle 2462.0916666666667 1965.6666666666667 20
circle 2287.43 2620.8316666666665 20
circle 2410.3433333333332 2616.3333333333335 20
circle 3044.2616666666668 2085.9666666666667 20
circle 2434.06 1657.8333333333335 20
circle 1804.455 2089.4683333333332 20
circle 1987.7516666666668 1812.6516666666666 20
circle 2020.075 2085.4866666666667 20
circle 2061.0466666666666 1998.49 20
circle 2464.2466666666664 1808.3333333333335 20
circle 2121.43 1773.3266666666668 20
circle 2306.8533333333335 1719.3316666666667 20
circle 1804.4466666666667 2176.3016666666667 20
circle 2274.495 2507.8316666666665 20
circle 2496.596666666667 2463.3333333333335 20
circle 2744.5616666666665 2252.3233333333333 20
circle 2537.56 2164.4983333333334 20
circle 2651.8366666666666 2107.495 20
circle 2600.09 2165.6633333333334 20
circle 2615.1833333333334 2151.1633333333334 20
circle 1787.1466666666668 2647.8 20
circle 2149.463333333333 1703.9933333333333 20
circle 2127.9016666666666 1710.9933333333333 20
circle 1778.5816666666667 2082.465 20
circle 2375.8416666666667 2659.6666666666665 20
circle 2390.505 2664.3333333333335 20
circle 2388.778333333333 2802.6666666666665 20
circle 2401.7183333333332 2804.0 20
circle 2975.293333333333 2380.64 20
circle 2373.6833333333334 2794.6666666666665 20
circle 2418.97 2801.3333333333335 20
circle 2970.9816666666666 2392.14 20
circle 1851.8633333333335 2379.4733333333334 20
circle 2142.1233333333334 1888.3266666666668 20
circle 2664.7633333333333 1844.495 20
circle 2294.3416666666667 2086.9983333333334 20
circle 1948.9016666666666 2317.9816666666666 20
circle 2276.6583333333333 2158.831666666667 20
circle 2761.786666666667 1836.49 20
circle 2106.3283333333334 1971.1583333333333 20
circle 2201.411666666667 2042.8566666666666 20
circle 2048.1016666666665 2127.4883333333332 20
circle 2054.5733333333333 2087.4883333333332 20
circle 2257.633333333333 2435.9183333333335 20
circle 2296.1233333333334 2419.4183333333335 20
circle 2726.7116666666666 1924.5316666666668 20
circle 2183.54 1933.1750000000002 20
circle 2371.1 2149.36 20
circle 1870.5516666666667 2457.735 20
circle 2317.8316666666665 2823.64 20
circle 2541.4566666666665 2819.858333333333 20
circle 2930.2333333333336 2466.496666666667 20
circle 2342.846666666667 2826.34 20
circle 2509.7566666666667 2826.82 20
circle 2946.8366666666666 2450.955 20
