circle 1976.5188804271897 2323.703781461086 20
circle 2387.3173654754933 1711.2399458848254 20
circle 2714.0384390468284 1755.2122410336146 20
circle 1631.8867119462627 1348.0679979379045 20
circle 2146.7711276729447 1338.2739740309444 20
circle 1862.8577276078568 1401.0742186883497 20
circle 2548.240225924052 1515.9984276349778 20
circle 3123.0478625081687 1433.8169147111014 20
circle 3393.684855232569 1569.4978450098665 20
circle 3001.1535935246384 1548.3704298561045 20
circle 3042.822479863478 1689.7260961548052 20
circle 1504.2256490553177 1770.3296034317218 20
circle 2340.7981194819813 1741.1195612870026 20
circle 1940.2877022652588 1753.4609719966397 20
circle 2061.0593960800197 1792.3494605089413 20
circle 2132.6752392240433 1801.1733182937141 20
circle 3184.9944271823265 1906.4290788724572 20
circle 2645.683747766549 1784.1353600539587 20
circle 3220.9927919689467 1779.9442212236304 20
circle 2536.1910282751383 1848.4586944665816 20
circle 2970.1372709379275 1862.5334653024897 20
circle 2311.8695321966984 1910.3791358959622 20
circle 2382.9175507210803 2003.9799253265287 20
circle 2324.4943983878848 2002.0593391232605 20
circle 1456.5274676651254 2018.1220188109849 20
circle 1535.2637122090534 2178.33433705993 20
circle 2084.1781211679777 2000.6708018612912 20
circle 2341.7254161482715 2082.2795725863807 20
circle 3012.3945201130045 2176.329293021476 20
circle 2984.081004280805 2107.8721228771174 20
circle 2852.7998925410557 2177.0034581374275 20
circle 2583.2374107443407 2155.597512596742 20
circle 2617.185693513652 2181.2764251165045 20
circle 3114.0250124222357 2134.3180070160856 20
circle 2020.5213757458046 2106.506889560582 20
circle 2908.17027840377 2161.459035999628 20
circle 2076.1960113859577 2226.5703495492035 20
circle 2422.2462067820707 2235.639991895164 20
circle 2404.0302980498755 2228.3799938787874 20
circle 2916.885334526039 2407.818293238041 20
circle 2095.441107967588 2333.5514226030205 20
circle 3498.032678913493 2301.6594542288035 20
circle 3215.892588076244 2322.404927839787 20
circle 2891.8329097413075 2349.1403958062547 20
circle 2336.8065644841154 2295.339511128853 20
circle 2149.571397475457 2353.0541013880656 20
circle 1669.5640462795022 2499.8329059463313 20
circle 2331.266478047303 2497.659436966769 20
circle 1527.7582096391438 2533.413212695219 20
circle 2672.367319082296 2561.9742381487727 20
circle 2177.6115162642727 2573.075292597435 20
circle 1948.7076147376267 2591.8416471411115 20
circle 3254.175556463721 2596.1795570555555 20
circle 1353.9009903966412 2649.124387379065 20
circle 2612.386995624955 2591.3165910106536 20
circle 2771.8972809018164 2718.688979617219 20
circle 2891.336066348252 2602.0404372701178 20
circle 3410.376261141134 2656.5750418420707 20
circle 3362.403967778914 2676.263014373379 20
circle 2586.050408656475 2781.9374302333945 20
circle 2824.5901720447973 2822.2455114830714 20
circle 1541.122756161049 2797.895218102679 20
circle 2183.8622976609427 2862.755540028151 20
circle 2929.3567126300477 2986.877208780921 20
circle 2002.8613515001991 3043.4656838945575 20
circle 2351.0824231957968 2984.6196781806943 20
circle 3306.879895921169 3065.251755842431 20
circle 3205.148569837529 3236.266399343366 20
circle 3174.544737707923 3124.7904574967506 20
circle 1373.9540631723933 3094.987982455771 20
circle 2146.2254613070536 3098.8539510752234 20
circle 2903.904509574705 3129.3793986849473 20
circle 1590.4383096352824 3214.7223473644453 20
circle 3170.104998890749 3213.1110338307385 20
circle 2489.8969078969963 3276.939488962526 20
circle 1873.3949260342774 3287.0552057017617 20
circle 2427.786471881581 3401.079980065147 20
circle 1700.7773311960693 3296.456785858865 20
circle 3316.7706475948085 3434.070242491737 20
circle 2923.033232785117 3475.457764901793 20
circle 3125.333987465527 3638.756653331602 20
circle 3095.5712478826754 3643.080197475644 20
circle 2099.874009145868 3634.771662624217 20
circle 3169.2420969823347 3745.6111497496895 20
circle 2172.518447817249 4483.949087845876 20
circle 2648.7094482795214 4445.495241022357 20
circle 2632.8823805914026 4413.659857378244 20
circle 2525.5451829842295 4447.766910008968 20
circle 2571.9203338481557 4264.993832196464 20
circle 2533.658892025736 4017.422747835488 20
circle 2396.7491173757835 4153.149978838779 20
circle 2448.1685294263466 4078.2878914779644 20
circle 2728.150170694549 4363.327501597584 20
circle 1596.1521286178024 4220.4191557740105 20
circle 2624.3891668879796 4471.206170564908 20
circle 2810.8537097998105 4258.9884646123965 20
circle 2679.5130433288277 4350.933918774807 20
circle 2727.117426018092 4219.357556909403 20
circle 2552.4419501788916 4340.348329591705 20
circle 2860.461228505578 4172.794883293425 20
circle 2891.6129398824273 4153.268419823155 20
circle 2745.493605296534 4106.958541636054 20
circle 1398.8764500008888 4015.794359595707 20
circle 3327.1231566956794 3735.4126397856317 20
circle 2308.5438369083186 4152.735078190652 20
circle 2904.4354571467347 3967.0813570931005 20
circle 2469.0490511310695 3881.3257272207493 20
circle 2348.0959481705913 3938.6916461793726 20
circle 1597.5822992408773 3912.517351796363 20
circle 2833.47118695267 3901.308883048351 20
circle 1708.9753238415062 3862.521779729178 20
circle 1742.4958112116128 3879.7457072899388 20
circle 2623.5289368042713 3872.2502012071845 20
circle 2635.4336302533784 3843.9057604977397 20
circle 2082.9291948076125 3781.434734564744 20
circle 1887.5081497051347 3765.7784888088554 20
circle 2749.53397996353 3792.1263101972736 20
circle 3408.3049508418726 3776.799410344619 20
circle 2394.964419813141 3734.0799737697844 20
circle 2205.8376137215637 3743.1483567070813 20
circle 2223.100897411256 3734.0109399560724 20
circle 1178.908483982075 3749.298188407047 20
circle 3501.4774656924237 3712.6068394376 20
circle 2061.285726473219 3714.7674775323503 20
circle 1969.1140850527368 3750.9952299485326 20
circle 2351.77882151249 3707.47568547587 20
circle 1241.6703614953792 3702.1270603902526 20
circle 1391.3782789738843 3703.4510534398933 20
circle 1318.0797387779858 3550.5518228685646 20
circle 3810.78664971364 3497.627205472487 20
circle 3896.3971911899343 3428.3241539210894 20
circle 3632.3876131091765 3398.8410489373255 20
circle 1062.2044675014201 3362.308454638762 20
circle 3419.3203516603785 3235.3095205755376 20
circle 1872.2585586511914 3654.843102627142 20
circle 3667.076192472464 3297.4337240309596 20
circle 3677.450510009834 3281.7174937786813 20
circle 3654.3247052178353 3306.7184399241023 20
circle 1068.8860631515588 3251.969987284052 20
circle 3498.932058878349 3189.197302803252 20
circle 3752.9386418639942 3112.8727107269865 20
circle 2106.997156719124 2926.670037266046 20
circle 4270.632007693817 3044.763438453191 20
circle 3807.9286949643806 2994.473872336195 20
circle 3875.015209242745 2993.5575148589746 20
circle 1169.6716407554727 3003.4542203633214 20
circle 4077.20423652098 2947.2975690541557 20
circle 3623.050579637682 2950.108975297613 20
circle 3688.9294301749806 2848.3229947798477 20
circle 3578.8758713589286 2867.611931835366 20
circle 4345.058174980297 2855.5533586779156 20
circle 3499.242383590544 2853.047239490687 20
circle 3473.242823502468 2836.966002805533 20
circle 4272.158850105991 2849.0789443149456 20
circle 4171.250870374703 2846.146095804567 20
circle 3662.198103606238 2922.1947576636608 20
circle 743.0171188400118 2746.8722015915996 20
circle 903.1481636261137 2854.7296350333645 20
circle 866.3603735333395 2835.736044302829 20
circle 3788.1644111085957 2890.678542079386 20
circle 1154.1261803722014 2776.236897874136 20
circle 4324.687944222774 2762.332035624183 20
circle 3568.0141436870294 2718.8500806184593 20
circle 1325.4922632819812 2460.6831835286716 20
circle 1292.99131917248 2573.4350667427525 20
circle 1055.0876292061896 2691.392792693959 20
circle 1231.6722667638135 2508.2330304594175 20
circle 1234.3490880557993 2630.8075717098354 20
circle 4215.616219949957 2596.502601835167 20
circle 4217.649738997217 2628.8959773305837 20
circle 486.919919666557 2625.263643196526 20
circle 4366.015686830261 2597.048395869424 20
circle 1287.7539223334813 2627.4580648658425 20
circle 1037.8299742922036 2527.420765417049 20
circle 1022.53464608843 2472.541155944868 20
circle 1233.7773177153354 2591.6994559413974 20
circle 1346.1008171716207 2597.366972308374 20
circle 1219.0015100752785 2618.8284658726498 20
circle 2637.0036593759105 2398.90169951284 20
circle 1224.2320446716296 2627.2595289643473 20
circle 3780.6210886219997 2414.2742949198177 20
circle 4230.319002035189 2428.9120514663064 20
circle 1440.9019214116502 2129.0594502687254 20
circle 3908.7924210776573 2308.084966084708 20
circle 708.9910743697108 2275.7363896784564 20
circle 661.5537082350802 2286.438407810231 20
circle 1026.50255839694 2238.014089197373 20
circle 2574.5889951579043 2675.419758404189 20
circle 3588.3329106444426 2255.2440297045605 20
circle 4000.723957890019 2220.370767668882 20
circle 3916.1642890763324 2237.583076771827 20
circle 3861.335683246004 2155.06688698954 20
circle 1076.951917535777 2403.6078088131035 20
circle 3971.0133671987555 2118.864741376016 20
circle 674.0924086260541 2078.392131815032 20
circle 944.9028897700159 2075.082215665629 20
circle 945.5671182976832 2191.72238564292 20
circle 808.8213245395048 1957.6625486772405 20
circle 3758.616832874479 1920.5033778305653 20
circle 1009.0202033647336 1724.8179134026404 20
circle 610.572855890644 1888.1129340865477 20
circle 605.6032713544835 1860.7154024210695 20
circle 833.0973671919244 1875.7691394011508 20
circle 1026.5068453032418 1847.966079300652 20
circle 684.0059942620317 1855.1050547950313 20
circle 3998.8748622902212 1793.8252529154279 20
circle 3687.7406839080368 1690.5692261568552 20
circle 3748.4543188048065 1877.7197025471207 20
circle 733.9745050396966 1811.3915802079453 20
circle 1429.2319403763186 1670.1954972024814 20
circle 4176.658387883855 2929.1304742511597 20
circle 1247.5836277990466 1635.452197781076 20
circle 4190.995029325191 2929.97814110188 20
circle 1063.7320893683134 1582.9067592528654 20
circle 1374.2601694920147 1542.7700123281352 20
circle 1348.9318079019304 1513.4014689313317 20
circle 1162.8114160615987 1486.3407270413281 20
circle 3547.206655002529 1477.3641231232696 20
circle 3779.7647640619916 1450.272468536815 20
circle 3737.7939969347963 1395.010111033962 20
circle 3567.8135903541997 1360.5760937587834 20
circle 3720.530938382575 1340.5459891015475 20
circle 2589.122682251488 1343.8213377922493 20
circle 1517.6893827596436 1265.3056691095564 20
circle 1452.3426409675617 1282.2513247023794 20
circle 2904.7619818915578 1322.617320351081 20
circle 1503.2970932374537 1285.031453577881 20
circle 2874.2787096000993 1228.6478019293197 20
circle 2525.7213386973513 1240.3289060103389 20
circle 2505.675977506693 1183.4072590846401 20
circle 1507.29184784076 1182.4920709107332 20
circle 1546.9070447018555 1164.2700574813362 20
circle 1986.5806448967242 1164.6725183575559 20
circle 2971.7613972743525 1312.957308008378 20
circle 3520.825843779936 1164.9071672006573 20
circle 2723.853407927015 1149.205726854466 20
circle 1851.0155358260524 1113.9730944715739 20
circle 2625.5146432935917 1111.086127555787 20
circle 2603.5594046864267 1048.9988846437598 20
circle 2300.6600626579534 1154.318932527296 20
circle 2993.5688161198623 1087.3911846996084 20
circle 2647.449325764153 1036.0432889229617 20
circle 2405.8791938090617 961.9119962595371 20
circle 2118.844379733359 855.5366402707775 20
circle 2179.967952296695 835.5713852064891 20
circle 2217.4054351430777 826.6927515389821 20
circle 2042.1195071611912 824.4942919733242 20
circle 1866.90653949968 818.0305945853129 20
circle 2903.9437904254964 821.1553872731909 20
circle 2786.618029235125 803.4100544450166 20
circle 2919.7701743839234 760.8300380511018 20
circle 2380.192843804908 630.7779109162914 20
