# for stage 3, omit:
# system  5 because it is affected by galaxies (one image is blended, and that gal is missing
# system 29 because it is a triplet around a pair of galaxies

1
0.0 0.0 10000.0
0.0 10000.0
0.0 10000.0
0.0 10000.0

35

3 1.0 1.0 1.0 1.896
-12.0530  46.9686  1.0  1.0 1.0e4  0 0  # 1.1 1.896
-21.0234  39.9483 -1.0  1.0 1.0e4  0 0  # 1.2 1.896
-33.7597  21.4904  1.0  1.0 1.0e4  0 0  # 1.3 1.896

3 1.0 1.0 1.0 1.895
-13.4763  45.9282  1.0  1.0 1.0e4  0 0  # 2.1 1.895
-19.4621  41.7700 -1.0  1.0 1.0e4  0 0  # 2.2 1.895
-34.1574  20.8387  1.0  1.0 1.0e4  0 0  # 2.3 1.895

3 1.0 1.0 1.0 1.9894
 20.7095  27.0783  1.0  1.0 1.0e4  0 0  # 3.1 1.9894
  6.0129  13.1684 -1.0  1.0 1.0e4  0 0  # 3.2 1.9894
-15.5587  -3.8599  1.0  1.0 1.0e4  0 0  # 3.3 1.9894

3 1.0 1.0 1.0 1.99
 20.5714  26.6895  1.0  1.0 1.0e4  0 0  # 4.1 1.99
  6.3416  13.1684 -1.0  1.0 1.0e4  0 0  # 4.2 1.99
-15.7625  -4.3819  1.0  1.0 1.0e4  0 0  # 4.3 1.99

# 3 1.0 1.0 1.0 2.0948
#  15.4764  22.4201  1.0  1.0 1.0e4  0 0  # 5.1 2.0948
#  14.5297  21.4914 -1.0  1.0 1.0e4  0 0  # 5.2 2.0948
#  11.7356  18.6907  1.0  1.0 1.0e4  0 0  # 5.3 2.0948

3 1.0 1.0 1.0 2.0881
 -8.9301  41.5687  1.0  1.0 1.0e4  0 0  # 6.1 2.0881
-11.6682  39.8803 -1.0  1.0 1.0e4  0 0  # 6.2 2.0881
-32.9801  12.7100  1.0  1.0 1.0e4  0 0  # 6.3 2.0881

3 1.0 1.0 1.0 2.2982
 36.3727  -9.0630  1.0  1.0 1.0e4  0 0  # 7.1 2.2982
 28.3063 -18.4225 -1.0  1.0 1.0e4  0 0  # 7.2 2.2982
  1.2862 -33.3436  1.0  1.0 1.0e4  0 0  # 7.3 2.2982

3 1.0 1.0 1.0 1.0054
 -6.9837  15.3787  1.0  1.0 1.0e4  0 0  # 8.1 1.0054
 -4.0550  17.5892 -1.0  1.0 1.0e4  0 0  # 8.2 1.0054
  9.2838  31.0351  1.0  1.0 1.0e4  0 0  # 8.3 1.0054

3 1.0 1.0 1.0 3.2175
 31.2398   6.6693  1.0  1.0 1.0e4  0 0  # 9.1 3.2175
 16.2841  -1.9087 -1.0  1.0 1.0e4  0 0  # 9.2 3.2175
-10.6970 -24.8585  1.0  1.0 1.0e4  0 0  # 9.3 3.2175

3 1.0 1.0 1.0 1.6333
 35.6635   1.0782  1.0  1.0 1.0e4  0 0  # 10.1 1.6333
 19.8563 -15.5600 -1.0  1.0 1.0e4  0 0  # 10.2 1.6333
  4.1357 -24.0808  1.0  1.0 1.0e4  0 0  # 10.3 1.6333

3 1.0 1.0 1.0 1.9656
 42.8103 -22.5204  1.0  1.0 1.0e4  0 0  # 11.1 1.9656
 28.7720 -35.6521 -1.0  1.0 1.0e4  0 0  # 11.2 1.9656
 18.0345 -40.0688  1.0  1.0 1.0e4  0 0  # 11.3 1.9656

3 1.0 1.0 1.0 2.2182
 23.6906 -42.2110  1.0  1.0 1.0e4  0 0  # 12.1 2.2182
 27.8547 -40.8504 -1.0  1.0 1.0e4  0 0  # 12.2 2.2182
 45.2060 -24.9938  1.0  1.0 1.0e4  0 0  # 12.3 2.2182

3 1.0 1.0 1.0 2.0943
-24.5292   9.1393  1.0  1.0 1.0e4  0 0  # 13.1 2.0943
 -8.2856  28.8283 -1.0  1.0 1.0e4  0 0  # 13.2 2.0943
  9.0111  39.2287  1.0  1.0 1.0e4  0 0  # 13.3 2.091

3 1.0 1.0 1.0 3.2355
-30.8560  51.2842  1.0  1.0 1.0e4  0 0  # 14.1 3.2355
-32.4765  49.8441 -1.0  1.0 1.0e4  0 0  # 14.2 3.2355
-39.4645  42.3447  1.0  1.0 1.0e4  0 0  # 14.3 3.2355

3 1.0 1.0 1.0 2.1067
-36.4063  27.6462  1.0  1.0 1.0e4  0 0  # 15.1 2.1067
-34.1253  31.0051 -1.0  1.0 1.0e4  0 0  # 15.2 2.1067
-16.9050  50.7449  1.0  1.0 1.0e4  0 0  # 15.3 2.1067

2 1.0 1.0 1.0 0.9397
  2.0588  27.4064  1.0  1.0 1.0e4  0 0  # 16.1 0.9397
  0.7012  25.7072 -1.0  1.0 1.0e4  0 0  # 16.2 0.9397

3 1.0 1.0 1.0 5.365
 28.4502 -30.0829 -1.0  1.0 1.0e4  0 0  # 17.1 5.365
  6.6761 -39.0496  1.0  1.0 1.0e4  0 0  # 17.2 5.365
 46.3546  -9.4923  1.0  1.0 1.0e4  0 0  # 17.3 5.3659

2 1.0 1.0 1.0 5.106
 25.7341   4.8589  1.0  1.0 1.0e4  0 0  # 18.1 5.106
 20.6590   1.6515 -1.0  1.0 1.0e4  0 0  # 18.2 5.106

3 1.0 1.0 1.0 3.4909
 -1.3431 -32.3896  1.0  1.0 1.0e4  0 0  # 19.1 3.4909
 25.1938 -18.8003 -1.0  1.0 1.0e4  0 0  # 19.2 3.4909
 39.9231  -1.3593  1.0  1.0 1.0e4  0 0  # 19.3 3.4909

3 1.0 1.0 1.0 3.4406
 11.3663 -30.7409  1.0  1.0 1.0e4  0 0  # 20.1 3.4406
 19.1558 -26.1584 -1.0  1.0 1.0e4  0 0  # 20.2 3.4406
 47.2726   0.1772  1.0  1.0 1.0e4  0 0  # 20.3 3.4406

3 1.0 1.0 1.0 3.2885
-26.8747  42.7740 -1.0  1.0 1.0e4  0 0  # 21.1 3.2885
-14.6599  52.7106  1.0  1.0 1.0e4  0 0  # 21.2 3.2885
-39.9493  23.2935  1.0  1.0 1.0e4  0 0  # 21.3 3.2885

2 1.0 1.0 1.0 3.2526
 35.3506  -7.3998  1.0  1.0 1.0e4  0 0  # 22.1 3.2526
 28.7732 -15.6973 -1.0  1.0 1.0e4  0 0  # 22.2 3.2526

3 1.0 1.0 1.0 4.1218
  5.2399 -36.1048  1.0  1.0 1.0e4  0 0  # 23.1 4.1218
 25.7653 -25.7879 -1.0  1.0 1.0e4  0 0  # 23.2 4.1218
 44.9220  -5.3414  1.0  1.0 1.0e4  0 0  # 23.3 4.1218

2 1.0 1.0 1.0 3.871
 10.3185   0.2515 -1.0  1.0 1.0e4  0 0  # 24.1 3.871
-10.1614 -18.8105  1.0  1.0 1.0e4  0 0  # 24.2 3.871

3 1.0 1.0 1.0 4.1032
-10.1121 -20.3441  1.0  1.0 1.0e4  0 0  # 25.1 4.1032
 11.2421  -0.4073 -1.0  1.0 1.0e4  0 0  # 25.2 4.1032
 34.3926  14.9203  1.0  1.0 1.0e4  0 0  # 25.3 4.1032

2 1.0 1.0 1.0 3.2922
  6.0822  35.6864  1.0  1.0 1.0e4  0 0  # 26.1 3.2922
 -4.7027  31.2260 -1.0  1.0 1.0e4  0 0  # 26.2 3.2922

3 1.0 1.0 1.0 3.0773
 39.1018   3.8031  1.0  1.0 1.0e4  0 0  # 27.1 3.0773
 -2.1254 -27.9040  1.0  1.0 1.0e4  0 0  # 27.2 3.0773
 21.7001 -16.4925 -1.0  1.0 1.0e4  0 0  # 27.3 3.0773

3 1.0 1.0 1.0 3.1103
 -3.2593 -27.9544  1.0  1.0 1.0e4  0 0  # 28.1 3.1103
 38.2341   3.5548  1.0  1.0 1.0e4  0 0  # 28.2 3.1103
 22.0880 -15.7689 -1.0  1.0 1.0e4  0 0  # 28.3 3.1103

# 3 1.0 1.0 1.0 3.2215
#   8.5409  27.7915  1.0  1.0 1.0e4  0 0  # 29.1 3.2215
#   9.5402  29.3395 -1.0  1.0 1.0e4  0 0  # 29.2 3.2215
#  10.1154  29.4907  1.0  1.0 1.0e4  0 0  # 29.3 3.2215

2 1.0 1.0 1.0 3.2882
-26.4125   8.2896  1.0  1.0 1.0e4  0 0  # 30.1 3.2882
 -9.8535  28.4719 -1.0  1.0 1.0e4  0 0  # 30.2 3.2882

3 1.0 1.0 1.0 6.1452
-45.3012  29.1610  1.0  1.0 1.0e4  0 0  # 31.1 6.1452
-36.4733  44.0370 -1.0  1.0 1.0e4  0 0  # 31.2 6.1452
-21.3299  56.2851  1.0  1.0 1.0e4  0 0  # 31.3 6.1452

3 1.0 1.0 1.0 3.6065
-35.2516  16.1083  1.0  1.0 1.0e4  0 0  # 32.1 3.6065
-21.6084  36.8559 -1.0  1.0 1.0e4  0 0  # 32.2 3.6065
 -1.9482  49.9784  1.0  1.0 1.0e4  0 0  # 32.3 3.6065

2 1.0 1.0 1.0 3.923
 20.0045  -9.1232 -1.0  1.0 1.0e4  0 0  # 33.1 3.923
 32.7253   3.8396  1.0  1.0 1.0e4  0 0  # 33.2 3.923

2 1.0 1.0 1.0 2.5425
  4.6518 -19.0120  1.0  1.0 1.0e4  0 0  # 34.1 2.5425
 14.6107 -13.9290 -1.0  1.0 1.0e4  0 0  # 34.2 2.5425

2 1.0 1.0 1.0 5.9729
 16.6510 -34.5283  1.0  1.0 1.0e4  0 0  # 35.1 5.9729
 20.5819 -32.6097 -1.0  1.0 1.0e4  0 0  # 35.2 5.9729

2 1.0 1.0 1.0 3.9228
 31.0632 -28.6934 -1.0  1.0 1.0e4  0 0  # 36.1 3.9228
 43.8858 -13.8193  1.0  1.0 1.0e4  0 0  # 36.2 3.9228

3 1.0 1.0 1.0 5.639
 11.1820 -40.3781  1.0  1.0 1.0e4  0 0  # 37.1 5.639
 27.7039 -34.5648 -1.0  1.0 1.0e4  0 0  # 37.2 5.639
 48.9609 -10.5150  1.0  1.0 1.0e4  0 0  # 37.3 5.639

