circle 2611.0884459583335 453.9698772666668 20
circle 2296.834519234 394.5728783333334 20
circle 1674.3234278733335 733.9009203583335 20
circle 3199.70192963 732.6057144750002 20
circle 3597.313051155 958.0090995983335 20
circle 2333.330102069833 564.4151887166668 20
circle 3210.7966877333333 617.2965243166666 20
circle 2361.962444869 728.3293109983335 20
circle 3602.1215728166662 886.7643366166667 20
circle 3352.39281482 903.5699402500002 20
circle 3779.9772481283335 1217.5200426383333 20
circle 3543.6549556383334 964.0413998183335 20
circle 3547.0131088866665 1113.1228930516668 20
circle 3221.7423895933334 1195.3953385566667 20
circle 1374.52647462 992.6895598616668 20
circle 3444.7893578483336 1409.3217171000001 20
circle 3323.7220179483334 1094.8415104483336 20
circle 1391.0440269733335 1131.423703206667 20
circle 3360.3347540616664 1077.3169341983335 20
circle 1756.4457482500002 1123.0680220016668 20
circle 3205.6997665966664 1504.16907786 20
circle 3843.7662822683333 1163.8321732333336 20
circle 3043.520028348333 1345.9887632816667 20
circle 2339.3839545553333 1218.1932234616668 20
circle 3143.63439332 1171.7394830083335 20
circle 3475.6306757849998 1472.5093893733333 20
circle 3597.428061445 1304.2090857366668 20
circle 2656.6412854383334 1297.7843774266669 20
circle 2039.327073265 1488.60576851 20
circle 3170.5843685433333 1457.5527639533334 20
circle 1441.3190298016668 1762.0360098183335 20
circle 3789.30455118 1693.4443482166666 20
circle 2705.6883628133332 1500.4264607666669 20
circle 1872.5858239683334 1598.6965675400002 20
circle 3912.7133397649995 1519.6427572733335 20
circle 3016.3629725916667 1740.0470571333335 20
circle 2658.5364309316665 2206.9643097626667 20
circle 2392.4051535344 2005.6933241233332 20
circle 1633.09286501 1751.437029765 20
circle 3951.0423790033333 1883.5290358533334 20
circle 3195.0973717516667 1729.9502090333335 20
circle 1790.2417101766666 1815.8906913016667 20
circle 1200.3474483833334 1859.0648215633332 20
circle 1995.8168005983334 1872.9037164483334 20
circle 2256.4964427661666 2236.1523340798335 20
circle 3200.75629359 1889.0096086966666 20
circle 4093.71641615 2132.678595096667 20
circle 2321.6419434928334 2798.2151082266664 20
circle 2012.5664438316667 2128.6845359733334 20
circle 2558.38359417 2012.1712770083334 20
circle 2802.864522918333 2105.221740496667 20
circle 2482.299086984833 2211.3126598971667 20
circle 2744.4717965199998 2141.40472442 20
circle 1954.593130025 2434.5615457285 20
circle 918.2851825233333 2221.470392256 20
circle 3286.084359815 2224.820040851667 20
circle 2948.3144416166665 2262.592381653333 20
circle 640.0641043666669 2316.9504907886667 20
circle 2666.644572646667 2521.4480127113334 20
circle 3494.136488203333 2212.132740627667 20
circle 2510.571179864167 2550.132233943333 20
circle 2538.288211875167 2415.731715453 20
circle 3365.4531128016665 2595.8502930316668 20
circle 2629.8281773833332 2431.9292937265 20
circle 2396.1858864728165 2510.5933173451667 20
circle 2317.1901314966667 2540.1130728783332 20
circle 2069.3589079266667 2463.9070424828333 20
circle 3266.334245425 2445.6223415045 20
circle 3045.2976787616667 2521.6646142648333 20
circle 2214.2469546248335 2890.7515373183332 20
circle 4146.897111683333 2733.722585568333 20
circle 3191.17873523 2489.6106271525 20
circle 2860.955534373333 2509.558333085 20
circle 2580.093707246667 2701.570744673333 20
circle 2509.3129864381667 2657.4722551249997 20
circle 1994.9459682633333 2854.2636740899998 20
circle 2250.6821755321666 2686.1522382416665 20
circle 2453.4892311808335 2665.392987155 20
circle 2083.374180325 2692.0875966283334 20
circle 2617.7313238183333 2750.5896763533333 20
circle 2544.9806167771667 2841.1915753983335 20
circle 2471.842819661333 2773.212791175 20
circle 2073.558172295 2938.1472115216666 20
circle 1956.9274422083333 2821.261675171667 20
circle 2524.928203964 2768.0519778899998 20
circle 2353.2356346013335 2859.3132850316665 20
circle 1752.411635975 2903.1476996316665 20
circle 2290.7811948743333 2879.35281029 20
circle 1936.09230671 3118.5605005516663 20
circle 1743.5883189833335 2939.1469744966666 20
circle 3951.1975771133334 2992.719027283333 20
circle 1999.54650552 2881.503903261667 20
circle 1743.96914347 2971.42700612 20
circle 1851.1822818183334 2992.915128041667 20
circle 1885.4221094883333 3008.637407178333 20
circle 2301.7356223771667 3121.5729302299997 20
circle 2321.787872295167 3058.75310935 20
circle 1363.6712347 3228.006152228333 20
circle 2889.4320390183334 3185.396503745 20
circle 2505.7041324986667 3076.692314748333 20
circle 2868.114148758333 3092.9378839299998 20
circle 2064.347131725 3112.626838735 20
circle 1625.0050259183333 3230.856246948333 20
circle 1901.7295697383333 3307.6784396666667 20
circle 2172.163323816667 3224.8905131116667 20
circle 2644.4892038533335 3434.888805273333 20
circle 1660.7583808166667 3413.7036748733335 20
circle 2425.0612093681666 3418.453204313333 20
circle 2919.134400115 3299.1544822783335 20
circle 2341.015370201 3511.273232038333 20
circle 745.4991372466666 3482.1856440133333 20
circle 3079.7224434166665 3664.6255676966666 20
circle 3034.530931095 3463.9655403766665 20
circle 2711.5651330583332 3779.3462122299998 20
circle 2334.2851561513335 3864.4331945683334 20
circle 1151.8985590700001 3598.8412596233334 20
circle 1696.35458015 3657.7929227966665 20
circle 1729.2570748883334 3710.085777705 20
circle 1283.1412178933335 3755.9530951083334 20
circle 3564.1556308149998 3669.9063048533335 20
circle 1999.38750886 3768.9578964766665 20
circle 2986.846837896667 3931.819446751667 20
circle 2252.2225463873333 3942.9782642499995 20
circle 3027.1527514766667 3942.508165598333 20
circle 1949.0765342216666 4195.597241166666 20
circle 1620.9737727216666 4108.211854383333 20
circle 2530.3772268538332 4355.345873983333 20
circle 2511.9924231415 4292.898210033333 20
circle 2002.5404285700001 2157.6640500283333 20
circle 2538.734816049833 2821.9917063683333 20
circle 2899.6508325833333 1333.9458169066668 20
circle 2783.130290635 1841.8227981366667 20
circle 2086.509264325 2366.46771681204 20
circle 2621.5078340016667 2636.94955894 20
circle 2120.778131488333 3076.508950276667 20
circle 2287.552250786 2602.5727719433335 20
circle 1991.2272735416668 2722.983486695 20
circle 2562.114756945 2276.2911899125 20
circle 2082.2645754 3051.7875539716665 20
circle 2598.06449891 2768.0502575666665 20
circle 1872.2858890716666 2822.5765504016667 20
circle 3492.208930773333 2520.2330225924998 20
circle 1938.5350899716668 2558.1606403166666 20
circle 2019.2346362583335 2445.364852309 20
circle 3207.85328028 2174.4288504483334 20
circle 1799.4201873216666 2134.3713909 20
circle 3126.45411515 795.0791662866668 20
circle 2273.9419804495 394.4525952833335 20
circle 1910.5007687900002 532.6789752 20
circle 2289.1644063645 626.5927911166668 20
circle 2102.02314339 552.4282927500001 20
circle 2659.951372631667 743.7082575366669 20
circle 2205.4795209416666 806.8793423583334 20
circle 1983.3662277516667 1123.86308286 20
circle 2604.0916830349997 916.6300840083334 20
circle 1360.8594430100002 881.1057595600003 20
circle 1786.96337446 998.57043666 20
circle 1060.9615907566667 1058.4201667966668 20
circle 1580.2748391933333 1091.089713866667 20
circle 2015.5135554616668 1205.1646753016669 20
circle 3307.637426723333 1201.4634664933333 20
circle 1262.8310805916667 1223.602145495 20
circle 3261.160261905 1274.2429277583335 20
circle 3711.5212389283333 1211.2561909283336 20
circle 1463.5280981550002 1418.1606864116668 20
circle 1242.8727287633335 1662.445224841667 20
circle 1374.7422062 1521.0975925833334 20
circle 2641.089103983333 1722.42892018 20
circle 3459.5586585583333 1542.249661065 20
circle 2958.28696933 1567.01163728 20
circle 2960.4004939516667 1992.4714794716667 20
circle 3147.2801949466666 1755.8151233933334 20
circle 1223.3432211916668 1966.5043157333334 20
circle 1029.00318782 1989.24263313 20
circle 2333.5193616173333 1859.053189895 20
circle 2449.2646952376667 1966.75302604 20
circle 2631.626324925 2136.6692350916665 20
circle 2711.32890027 2108.1062208450003 20
circle 2640.72729354 2361.7889327927332 20
circle 1995.627078165 2380.503707595267 20
circle 2829.6105193866665 2342.2202261928333 20
circle 3420.5801427166666 2307.6030362911665 20
circle 2383.2573236581165 2420.1733328393334 20
circle 1169.8931558900001 2856.8781022583335 20
circle 2974.67321645 2385.950391655667 20
circle 4313.865510816667 2447.2904355893334 20
circle 2149.0082599616667 2565.6098510833335 20
circle 3135.1439629133333 2560.65632723 20
circle 1823.1827609683335 3051.05315123 20
circle 2342.7177818483333 2706.493240575 20
circle 2144.99458466 3041.589729508333 20
circle 2375.75191627585 3026.4733318683334 20
circle 2588.92376737 3069.0705106966666 20
circle 537.8592775500003 3075.1707150816665 20
circle 792.7778092516667 3448.88354308 20
circle 3454.7685552149997 3327.3223488133335 20
circle 1394.54498654 3517.44417228 20
circle 1392.8373561783333 3631.5759542466667 20
circle 1801.2308203116668 3551.067531445 20
circle 1599.17120102 3517.7676687583335 20
circle 3335.1637288166667 3698.8161191466666 20
circle 2027.9947641766666 3628.7512598666663 20
circle 3157.446577511667 3707.6261134099996 20
circle 3389.091692735 3807.47524123 20
circle 1105.0222441483334 3819.89163604 20
circle 2125.6648301 3910.0111141183334 20
circle 1521.5159085283335 4082.191396033333 20
circle 1627.95919079 4171.668540916667 20
circle 2853.784398655 1705.078776 20
circle 2752.96016679 507.55631628333344 20
circle 2342.7169451528334 2876.893240571667 20
circle 2599.34438115 3466.270221553333 20
circle 1503.3090517300002 3353.3633376266666 20
circle 1610.8182201133334 3200.4948408916666 20
circle 2118.7242609116665 2253.668880204333 20
circle 2634.8781635966666 2737.5091285966664 20
circle 2626.122320143333 3035.769413225 20
circle 3120.533059325 2726.6177470983334 20
circle 2957.10739274 2637.9517287833332 20
circle 1656.413388895 2485.119263151 20
circle 1451.6382138416668 2494.0372679091665 20
circle 1821.533312581667 2377.7930298135 20
circle 2994.71612514 2298.9488175168335 20
circle 1985.43502809 1368.0031897 20
circle 2465.1449747893334 1480.39286769 20
circle 3360.26554611 2297.3509529053335 20
circle 3040.4601773833333 1688.5050276366667 20
circle 2851.3248609766665 1793.1589270733334 20
circle 3558.615040375 2230.063138176167 20
circle 1952.3682679583335 2054.041421665 20
circle 3396.7197188083333 2073.486222615 20
circle 1679.0288258350001 1987.54135608 20
circle 1639.374720105 1932.5176382933332 20
circle 2100.7123802683336 1957.6282461166666 20
circle 3188.6577994316667 1958.790889415 20
circle 1645.6211478716668 1914.0982373716668 20
