circle 3149.2851866616666 1538.25492222 20
circle 2336.4252126316665 1395.4932070833333 20
circle 2381.1755499517435 1444.8133333033334 20
circle 3252.911921088333 1471.7638688133334 20
circle 2255.7976797471665 1410.9123226783336 20
circle 2310.1337934825 1386.0730115350002 20
circle 2109.1032941283333 1677.428546501667 20
circle 2853.388356225 1499.938799965 20
circle 2133.759515028333 1458.1893766416667 20
circle 2406.6456132831668 1446.0732889066667 20
circle 3139.647962508333 1570.4158793583333 20
circle 3273.8159825766666 1772.9614719816668 20
circle 1465.0749032433334 1906.278874075 20
circle 2787.79275458 1962.8425528983335 20
circle 2319.3300753273334 2107.273090175 20
circle 2532.4759080468334 2137.6318323966666 20
circle 1441.64548428 2229.0160531395 20
circle 1842.4100374166667 2303.7545179338335 20
circle 2527.4397699978335 2323.6919302575 20
circle 1248.51932166 2412.5300658291667 20
circle 3132.5931939183333 2245.7165754703333 20
circle 2445.1050244671665 2378.83306210705 20
circle 1746.317210715 2400.1071980551665 20
circle 3414.742126095 2482.383824815833 20
circle 2781.9562167916665 2436.422860298667 20
circle 2354.0039241445 2479.4532877133333 20
circle 3023.16510439 2513.8664946476665 20
circle 2287.9352537915 2642.0527765633333 20
circle 3277.6946641033333 2622.8010264283334 20
circle 2171.7403067566665 2661.73050144 20
circle 1191.6611295916668 2736.6414947416665 20
circle 2455.571915751333 2760.7329671216667 20
circle 3018.1519015599997 2836.48691284 20
circle 2503.6198303031665 2924.4123483599997 20
circle 2458.0936069075 2923.5129421133333 20
circle 1212.0739533116669 2877.7646231 20
circle 1150.6628720833335 2862.9350528466666 20
circle 1529.3283440366667 2902.946256835 20
circle 2598.0726996583335 3058.0902574499996 20
circle 1218.729384045 3065.0856329549997 20
circle 2714.270961888333 3001.9860946199997 20
circle 1201.1845676133335 3152.1429651116664 20
circle 1478.7341712666666 3140.9604956266667 20
circle 1650.1035652416667 3166.8386698466666 20
circle 1328.229023645 3191.5213869883332 20
circle 1640.070594991667 3239.8577113466667 20
circle 2769.0764619166666 3399.903522751667 20
circle 2031.2730300666667 4312.859410033333 20
circle 2305.1158925733334 4244.514964133334 20
circle 2329.0116816363334 4242.2531610999995 20
circle 1133.8261886733335 3886.3403569033335 20
circle 3388.734482828333 3799.3272879683336 20
circle 2065.425950705 3793.1648835533333 20
circle 1308.4558776733336 3785.8006634733333 20
circle 3166.2478196233333 3672.561219628333 20
circle 1383.86873312 3670.1607982966666 20
circle 836.2942052566668 3596.2764013566666 20
circle 827.5863964716666 3577.722648723333 20
circle 3940.427817953333 3511.355228733333 20
circle 831.4498429383334 3437.7254245383333 20
circle 3198.810585325 3423.9718245666663 20
circle 1238.4782187433334 3407.2205930033333 20
circle 1703.5634212633333 3426.0795593949997 20
circle 834.173732365 3296.9179695216667 20
circle 874.5433619866669 3313.7079760566667 20
circle 1398.943565955 3353.3387332416664 20
circle 1249.1408534216669 3252.4941663216664 20
circle 823.0991023616668 3090.605731928333 20
circle 4181.721799316667 3103.1345225016667 20
circle 4000.3507962149997 3017.8368376549997 20
circle 1061.722476005 2850.638323596667 20
circle 4042.0798691416667 2835.331935955 20
circle 864.0917178716668 2803.9759136816665 20
circle 858.1395854983334 2789.376738105 20
circle 716.9605464316669 2768.383510995 20
circle 3564.3543805883332 2753.77826344 20
circle 477.7646749833334 2742.492080075 20
circle 3755.616850433333 2580.040457275 20
circle 690.5973704666669 2599.4057622383334 20
circle 3626.373844771667 2645.5044701883335 20
circle 3955.6474876216666 2490.7881071596667 20
circle 666.80248585 2489.108496798 20
circle 1037.6900529583336 2057.5001551783334 20
circle 3068.6524007333333 1983.3965588333333 20
circle 3812.321158863333 2015.57410473 20
circle 1206.4066713833336 1961.13774979 20
circle 623.6218459000002 2064.532747415 20
circle 970.6189450033335 1938.4001551333333 20
circle 1256.7287471250002 1903.0472637716666 20
circle 1337.601171625 1831.0826503783333 20
circle 1135.1748411866668 1816.6345481533335 20
circle 1159.0156323833335 2426.0463778038334 20
circle 2644.86914631 1417.5267910400003 20
circle 674.2855755333335 1699.0841403600002 20
circle 3806.2786579133335 1658.4672207150002 20
circle 1255.803757425 1673.0791261533334 20
circle 3798.0807809 1699.4127362733334 20
circle 1005.8789698483336 1603.7805302883335 20
circle 745.9214302283335 1571.92969062 20
circle 1835.58450671 1528.752035625 20
circle 1859.8713473016667 1534.0457174983335 20
circle 3491.48814073 1398.3231150033334 20
circle 1600.9834943516666 1420.9898417883333 20
circle 3068.6249198983332 1369.9445588383333 20
circle 3606.43570671 1356.8516562916666 20
circle 3120.42567181 1325.2697509466668 20
circle 1262.29581206 1213.2520676016668 20
circle 2490.0902873725 1164.0905527633336 20
circle 3465.911077925 1143.5127635083334 20
circle 2456.727623321 1079.0349556766669 20
circle 3196.558884973333 1049.08805032 20
circle 2219.00517719 924.9716382200002 20
circle 2206.18884463 925.3073584933334 20
circle 3062.264292868333 921.6191233700001 20
circle 2012.2794759683334 914.0025208550001 20
circle 3174.1297839983336 888.1643960050001 20
circle 3138.36575841 842.9040022416668 20
circle 2316.7019687706666 631.0450687833336 20
circle 4097.370529383334 2109.649780006667 20
circle 3755.4105792966666 1762.9964810916667 20
circle 1181.4652646416666 2037.753904225 20
circle 4104.205605916666 2299.242256532 20
circle 4237.06324735 2543.681353145 20
circle 4175.716543466667 2466.1459085046667 20
circle 741.9135181133333 2593.1168612066667 20
circle 2203.7766170016666 454.1315033333335 20
circle 2564.97089831 536.000121466667 20
circle 3163.9654130599997 699.0796369166669 20
circle 3377.9578869399998 830.68646734 20
circle 3393.1039515366665 1246.66749217 20
circle 2520.4193646693334 1284.5250609533334 20
circle 3595.117237353333 1464.1940529133335 20
circle 2685.681040321667 1437.390680375 20
circle 1193.3138082350001 1470.1353348283333 20
circle 904.6606242250002 1568.8861789500002 20
circle 3337.51222475 1608.04861128 20
circle 4097.49378095 1864.1801463900001 20
circle 4288.721725233333 1821.4498931216667 20
circle 4288.353110216666 1985.0561895666667 20
circle 1080.6849926516668 2039.831538565 20
circle 2556.9957128966666 2020.9931089716667 20
circle 1192.7609621783333 2269.6154590238334 20
circle 4369.626794066667 2378.6356201438834 20
circle 2504.8198973958333 2399.151328996333 20
circle 4152.519996483334 2792.7882942866668 20
circle 2615.4282662916667 2752.087947015 20
circle 706.5957716166668 3049.02226987 20
circle 3759.1544239816667 3566.2118400766667 20
circle 1029.1807790300002 3704.3822907716667 20
circle 3551.18771613 3877.634290913333 20
