circle 2179.616666666667 3150.31 20
circle 2030.1100000000001 3033.305 20
circle 1817.8383333333334 2725.673333333333 20
circle 2155.895 3132.97 20
circle 2056.1316666666667 3063.6666666666665 20
circle 1811.21 2714.8116666666665 20
circle 2725.6583333333333 2818.805 20
circle 2480.715 2586.9733333333334 20
circle 2121.1883333333335 2303.1683333333335 20
circle 2723.3566666666666 2812.325 20
circle 2486.193333333333 2586.9733333333334 20
circle 2117.7916666666665 2294.4683333333332 20
circle 2231.665 3060.3116666666665 20
circle 2186.03 3032.1716666666666 20
circle 1830.8316666666667 2579.3333333333335 20
circle 2986.7116666666666 2216.45 20
circle 2852.2716666666665 2060.4583333333335 20
circle 2401.9366666666665 1811.7733333333333 20
circle 2264.105 2623.8116666666665 20
circle 2312.9166666666665 2660.653333333333 20
circle 2535.23 2884.7516666666666 20
circle 2901.1633333333334 2478.655 20
circle 2651.9016666666666 2335.6883333333335 20
circle 2202.2166666666667 1953.1916666666666 20
circle 2974.8916666666664 2385.47 20
circle 2711.4383333333335 2108.1666666666665 20
circle 2449.4283333333333 1966.1533333333334 20
circle 3094.005 1992.16 20
circle 2860.0333333333333 1773.2983333333334 20
circle 2681.075 1699.6866666666667 20
circle 2775.3433333333332 1663.9833333333336 20
circle 2844.745 1686.66 20
circle 3133.9333333333334 1950.9366666666667 20
circle 1971.68 2519.8216666666667 20
circle 2242.4066666666668 2847.971666666667 20
circle 2530.685 3021.3116666666665 20
circle 1866.2333333333333 3222.2366666666667 20
circle 1839.225 3198.2349999999997 20
circle 1722.7583333333332 3073.245 20
circle 1773.7283333333335 2828.27 20
circle 1811.745 2884.2516666666666 20
circle 2098.75 3213.2483333333334 20
circle 2414.8133333333335 2824.2733333333335 20
circle 2392.1866666666665 2795.9533333333334 20
circle 2854.67 1866.1183333333333 20
circle 2491.7683333333334 1716.6733333333334 20
circle 3153.076666666667 2209.295 20
circle 2809.4016666666666 2448.4816666666666 20
circle 2724.8166666666666 2395.025 20
circle 2358.115 1827.6733333333334 20
circle 2800.3966666666665 2054.161666666667 20
circle 3045.8849999999998 2344.845 20
circle 2569.9383333333335 1855.1516666666666 20
circle 2699.7633333333333 1931.5266666666666 20
circle 3168.3766666666666 2370.4533333333334 20
circle 1932.5883333333334 3080.4 20
circle 2136.1683333333335 3246.0099999999998 20
circle 1714.6783333333333 2755.725 20
circle 2969.6766666666667 2244.17 20
circle 2860.0533333333333 2105.878333333333 20
circle 2467.8316666666665 1765.7533333333336 20
circle 2809.9216666666666 1937.7016666666668 20
circle 3129.2 2278.4766666666665 20
circle 2552.475 2371.6916666666666 20
circle 2211.1433333333334 2053.991666666667 20
circle 2211.965 2028.4316666666666 20
circle 2567.8683333333333 2360.7116666666666 20
circle 2953.71 2616.1716666666666 20
circle 2481.87 2962.2733333333335 20
circle 2302.121666666667 2887.9333333333334 20
circle 3032.1966666666667 2430.885 20
circle 2345.076666666667 1902.4333333333334 20
circle 2742.168333333333 2092.625 20
circle 2326.1783333333333 1901.5933333333332 20
circle 3017.7349999999997 2426.7466666666664 20
circle 2748.633333333333 2104.685 20
circle 1940.2916666666667 2505.66 20
circle 2216.275 2842.0316666666668 20
circle 1625.48 2853.5166666666664 20
circle 1772.6116666666667 3101.45 20
circle 2025.0016666666668 3305.585 20
circle 1792.9733333333334 2635.971666666667 20
circle 2020.3600000000001 2981.765 20
circle 2348.03 3200.4733333333334 20
circle 2713.9083333333333 2215.4466666666667 20
circle 2925.9216666666666 2431.4933333333333 20
circle 2458.03 2050.633333333333 20
circle 2624.0116666666668 2135.35 20
circle 2658.0166666666664 1792.0283333333332 20
circle 2723.5316666666668 1824.005 20
circle 2898.22 1889.2766666666666 20
circle 3111.93 2137.1783333333333 20
circle 2566.866666666667 1694.5316666666668 20
circle 2842.2316666666666 1791.42 20
circle 3196.515 2192.25 20
