#Mock images
1
2
3
4
5
1
441
-60.0 -50.0 1.0 1.0
-54.0 -50.0 1.0 1.0
-48.0 -50.0 1.0 1.0
-42.0 -50.0 1.0 1.0
-36.0 -50.0 1.0 1.0
-30.0 -50.0 1.0 1.0
-24.0 -50.0 1.0 1.0
-18.0 -50.0 1.0 1.0
-12.0 -50.0 1.0 1.0
-6.0 -50.0 1.0 1.0
0.0 -50.0 1.0 1.0
6.0 -50.0 1.0 1.0
12.0 -50.0 1.0 1.0
18.0 -50.0 1.0 1.0
24.0 -50.0 1.0 1.0
30.0 -50.0 1.0 1.0
36.0 -50.0 1.0 1.0
42.0 -50.0 1.0 1.0
48.0 -50.0 1.0 1.0
54.0 -50.0 1.0 1.0
60.0 -50.0 1.0 1.0
-60.0 -44.5 1.0 1.0
-54.0 -44.5 1.0 1.0
-48.0 -44.5 1.0 1.0
-42.0 -44.5 1.0 1.0
-36.0 -44.5 1.0 1.0
-30.0 -44.5 1.0 1.0
-24.0 -44.5 1.0 1.0
-18.0 -44.5 1.0 1.0
-12.0 -44.5 1.0 1.0
-6.0 -44.5 1.0 1.0
0.0 -44.5 1.0 1.0
6.0 -44.5 1.0 1.0
12.0 -44.5 1.0 1.0
18.0 -44.5 1.0 1.0
24.0 -44.5 1.0 1.0
30.0 -44.5 1.0 1.0
36.0 -44.5 1.0 1.0
42.0 -44.5 1.0 1.0
48.0 -44.5 1.0 1.0
54.0 -44.5 1.0 1.0
60.0 -44.5 1.0 1.0
-60.0 -39.0 1.0 1.0
-54.0 -39.0 1.0 1.0
-48.0 -39.0 1.0 1.0
-42.0 -39.0 1.0 1.0
-36.0 -39.0 1.0 1.0
-30.0 -39.0 1.0 1.0
-24.0 -39.0 1.0 1.0
-18.0 -39.0 1.0 1.0
-12.0 -39.0 1.0 1.0
-6.0 -39.0 1.0 1.0
0.0 -39.0 1.0 1.0
6.0 -39.0 1.0 1.0
12.0 -39.0 1.0 1.0
18.0 -39.0 1.0 1.0
24.0 -39.0 1.0 1.0
30.0 -39.0 1.0 1.0
36.0 -39.0 1.0 1.0
42.0 -39.0 1.0 1.0
48.0 -39.0 1.0 1.0
54.0 -39.0 1.0 1.0
60.0 -39.0 1.0 1.0
-60.0 -33.5 1.0 1.0
-54.0 -33.5 1.0 1.0
-48.0 -33.5 1.0 1.0
-42.0 -33.5 1.0 1.0
-36.0 -33.5 1.0 1.0
-30.0 -33.5 1.0 1.0
-24.0 -33.5 1.0 1.0
-18.0 -33.5 1.0 1.0
-12.0 -33.5 1.0 1.0
-6.0 -33.5 1.0 1.0
0.0 -33.5 1.0 1.0
6.0 -33.5 1.0 1.0
12.0 -33.5 1.0 1.0
18.0 -33.5 1.0 1.0
24.0 -33.5 1.0 1.0
30.0 -33.5 1.0 1.0
36.0 -33.5 1.0 1.0
42.0 -33.5 1.0 1.0
48.0 -33.5 1.0 1.0
54.0 -33.5 1.0 1.0
60.0 -33.5 1.0 1.0
-60.0 -28.0 1.0 1.0
-54.0 -28.0 1.0 1.0
-48.0 -28.0 1.0 1.0
-42.0 -28.0 1.0 1.0
-36.0 -28.0 1.0 1.0
-30.0 -28.0 1.0 1.0
-24.0 -28.0 1.0 1.0
-18.0 -28.0 1.0 1.0
-12.0 -28.0 1.0 1.0
-6.0 -28.0 1.0 1.0
0.0 -28.0 1.0 1.0
6.0 -28.0 1.0 1.0
12.0 -28.0 1.0 1.0
18.0 -28.0 1.0 1.0
24.0 -28.0 1.0 1.0
30.0 -28.0 1.0 1.0
36.0 -28.0 1.0 1.0
42.0 -28.0 1.0 1.0
48.0 -28.0 1.0 1.0
54.0 -28.0 1.0 1.0
60.0 -28.0 1.0 1.0
-60.0 -22.5 1.0 1.0
-54.0 -22.5 1.0 1.0
-48.0 -22.5 1.0 1.0
-42.0 -22.5 1.0 1.0
-36.0 -22.5 1.0 1.0
-30.0 -22.5 1.0 1.0
-24.0 -22.5 1.0 1.0
-18.0 -22.5 1.0 1.0
-12.0 -22.5 1.0 1.0
-6.0 -22.5 1.0 1.0
0.0 -22.5 1.0 1.0
6.0 -22.5 1.0 1.0
12.0 -22.5 1.0 1.0
18.0 -22.5 1.0 1.0
24.0 -22.5 1.0 1.0
30.0 -22.5 1.0 1.0
36.0 -22.5 1.0 1.0
42.0 -22.5 1.0 1.0
48.0 -22.5 1.0 1.0
54.0 -22.5 1.0 1.0
60.0 -22.5 1.0 1.0
-60.0 -17.0 1.0 1.0
-54.0 -17.0 1.0 1.0
-48.0 -17.0 1.0 1.0
-42.0 -17.0 1.0 1.0
-36.0 -17.0 1.0 1.0
-30.0 -17.0 1.0 1.0
-24.0 -17.0 1.0 1.0
-18.0 -17.0 1.0 1.0
-12.0 -17.0 1.0 1.0
-6.0 -17.0 1.0 1.0
0.0 -17.0 1.0 1.0
6.0 -17.0 1.0 1.0
12.0 -17.0 1.0 1.0
18.0 -17.0 1.0 1.0
24.0 -17.0 1.0 1.0
30.0 -17.0 1.0 1.0
36.0 -17.0 1.0 1.0
42.0 -17.0 1.0 1.0
48.0 -17.0 1.0 1.0
54.0 -17.0 1.0 1.0
60.0 -17.0 1.0 1.0
-60.0 -11.5 1.0 1.0
-54.0 -11.5 1.0 1.0
-48.0 -11.5 1.0 1.0
-42.0 -11.5 1.0 1.0
-36.0 -11.5 1.0 1.0
-30.0 -11.5 1.0 1.0
-24.0 -11.5 1.0 1.0
-18.0 -11.5 1.0 1.0
-12.0 -11.5 1.0 1.0
-6.0 -11.5 1.0 1.0
0.0 -11.5 1.0 1.0
6.0 -11.5 1.0 1.0
12.0 -11.5 1.0 1.0
18.0 -11.5 1.0 1.0
24.0 -11.5 1.0 1.0
30.0 -11.5 1.0 1.0
36.0 -11.5 1.0 1.0
42.0 -11.5 1.0 1.0
48.0 -11.5 1.0 1.0
54.0 -11.5 1.0 1.0
60.0 -11.5 1.0 1.0
-60.0 -6.0 1.0 1.0
-54.0 -6.0 1.0 1.0
-48.0 -6.0 1.0 1.0
-42.0 -6.0 1.0 1.0
-36.0 -6.0 1.0 1.0
-30.0 -6.0 1.0 1.0
-24.0 -6.0 1.0 1.0
-18.0 -6.0 1.0 1.0
-12.0 -6.0 1.0 1.0
-6.0 -6.0 1.0 1.0
0.0 -6.0 1.0 1.0
6.0 -6.0 1.0 1.0
12.0 -6.0 1.0 1.0
18.0 -6.0 1.0 1.0
24.0 -6.0 1.0 1.0
30.0 -6.0 1.0 1.0
36.0 -6.0 1.0 1.0
42.0 -6.0 1.0 1.0
48.0 -6.0 1.0 1.0
54.0 -6.0 1.0 1.0
60.0 -6.0 1.0 1.0
-60.0 -0.5 1.0 1.0
-54.0 -0.5 1.0 1.0
-48.0 -0.5 1.0 1.0
-42.0 -0.5 1.0 1.0
-36.0 -0.5 1.0 1.0
-30.0 -0.5 1.0 1.0
-24.0 -0.5 1.0 1.0
-18.0 -0.5 1.0 1.0
-12.0 -0.5 1.0 1.0
-6.0 -0.5 1.0 1.0
0.0 -0.5 1.0 1.0
6.0 -0.5 1.0 1.0
12.0 -0.5 1.0 1.0
18.0 -0.5 1.0 1.0
24.0 -0.5 1.0 1.0
30.0 -0.5 1.0 1.0
36.0 -0.5 1.0 1.0
42.0 -0.5 1.0 1.0
48.0 -0.5 1.0 1.0
54.0 -0.5 1.0 1.0
60.0 -0.5 1.0 1.0
-60.0 5.0 1.0 1.0
-54.0 5.0 1.0 1.0
-48.0 5.0 1.0 1.0
-42.0 5.0 1.0 1.0
-36.0 5.0 1.0 1.0
-30.0 5.0 1.0 1.0
-24.0 5.0 1.0 1.0
-18.0 5.0 1.0 1.0
-12.0 5.0 1.0 1.0
-6.0 5.0 1.0 1.0
0.0 5.0 1.0 1.0
6.0 5.0 1.0 1.0
12.0 5.0 1.0 1.0
18.0 5.0 1.0 1.0
24.0 5.0 1.0 1.0
30.0 5.0 1.0 1.0
36.0 5.0 1.0 1.0
42.0 5.0 1.0 1.0
48.0 5.0 1.0 1.0
54.0 5.0 1.0 1.0
60.0 5.0 1.0 1.0
-60.0 10.5 1.0 1.0
-54.0 10.5 1.0 1.0
-48.0 10.5 1.0 1.0
-42.0 10.5 1.0 1.0
-36.0 10.5 1.0 1.0
-30.0 10.5 1.0 1.0
-24.0 10.5 1.0 1.0
-18.0 10.5 1.0 1.0
-12.0 10.5 1.0 1.0
-6.0 10.5 1.0 1.0
0.0 10.5 1.0 1.0
6.0 10.5 1.0 1.0
12.0 10.5 1.0 1.0
18.0 10.5 1.0 1.0
24.0 10.5 1.0 1.0
30.0 10.5 1.0 1.0
36.0 10.5 1.0 1.0
42.0 10.5 1.0 1.0
48.0 10.5 1.0 1.0
54.0 10.5 1.0 1.0
60.0 10.5 1.0 1.0
-60.0 16.0 1.0 1.0
-54.0 16.0 1.0 1.0
-48.0 16.0 1.0 1.0
-42.0 16.0 1.0 1.0
-36.0 16.0 1.0 1.0
-30.0 16.0 1.0 1.0
-24.0 16.0 1.0 1.0
-18.0 16.0 1.0 1.0
-12.0 16.0 1.0 1.0
-6.0 16.0 1.0 1.0
0.0 16.0 1.0 1.0
6.0 16.0 1.0 1.0
12.0 16.0 1.0 1.0
18.0 16.0 1.0 1.0
24.0 16.0 1.0 1.0
30.0 16.0 1.0 1.0
36.0 16.0 1.0 1.0
42.0 16.0 1.0 1.0
48.0 16.0 1.0 1.0
54.0 16.0 1.0 1.0
60.0 16.0 1.0 1.0
-60.0 21.5 1.0 1.0
-54.0 21.5 1.0 1.0
-48.0 21.5 1.0 1.0
-42.0 21.5 1.0 1.0
-36.0 21.5 1.0 1.0
-30.0 21.5 1.0 1.0
-24.0 21.5 1.0 1.0
-18.0 21.5 1.0 1.0
-12.0 21.5 1.0 1.0
-6.0 21.5 1.0 1.0
0.0 21.5 1.0 1.0
6.0 21.5 1.0 1.0
12.0 21.5 1.0 1.0
18.0 21.5 1.0 1.0
24.0 21.5 1.0 1.0
30.0 21.5 1.0 1.0
36.0 21.5 1.0 1.0
42.0 21.5 1.0 1.0
48.0 21.5 1.0 1.0
54.0 21.5 1.0 1.0
60.0 21.5 1.0 1.0
-60.0 27.0 1.0 1.0
-54.0 27.0 1.0 1.0
-48.0 27.0 1.0 1.0
-42.0 27.0 1.0 1.0
-36.0 27.0 1.0 1.0
-30.0 27.0 1.0 1.0
-24.0 27.0 1.0 1.0
-18.0 27.0 1.0 1.0
-12.0 27.0 1.0 1.0
-6.0 27.0 1.0 1.0
0.0 27.0 1.0 1.0
6.0 27.0 1.0 1.0
12.0 27.0 1.0 1.0
18.0 27.0 1.0 1.0
24.0 27.0 1.0 1.0
30.0 27.0 1.0 1.0
36.0 27.0 1.0 1.0
42.0 27.0 1.0 1.0
48.0 27.0 1.0 1.0
54.0 27.0 1.0 1.0
60.0 27.0 1.0 1.0
-60.0 32.5 1.0 1.0
-54.0 32.5 1.0 1.0
-48.0 32.5 1.0 1.0
-42.0 32.5 1.0 1.0
-36.0 32.5 1.0 1.0
-30.0 32.5 1.0 1.0
-24.0 32.5 1.0 1.0
-18.0 32.5 1.0 1.0
-12.0 32.5 1.0 1.0
-6.0 32.5 1.0 1.0
0.0 32.5 1.0 1.0
6.0 32.5 1.0 1.0
12.0 32.5 1.0 1.0
18.0 32.5 1.0 1.0
24.0 32.5 1.0 1.0
30.0 32.5 1.0 1.0
36.0 32.5 1.0 1.0
42.0 32.5 1.0 1.0
48.0 32.5 1.0 1.0
54.0 32.5 1.0 1.0
60.0 32.5 1.0 1.0
-60.0 38.0 1.0 1.0
-54.0 38.0 1.0 1.0
-48.0 38.0 1.0 1.0
-42.0 38.0 1.0 1.0
-36.0 38.0 1.0 1.0
-30.0 38.0 1.0 1.0
-24.0 38.0 1.0 1.0
-18.0 38.0 1.0 1.0
-12.0 38.0 1.0 1.0
-6.0 38.0 1.0 1.0
0.0 38.0 1.0 1.0
6.0 38.0 1.0 1.0
12.0 38.0 1.0 1.0
18.0 38.0 1.0 1.0
24.0 38.0 1.0 1.0
30.0 38.0 1.0 1.0
36.0 38.0 1.0 1.0
42.0 38.0 1.0 1.0
48.0 38.0 1.0 1.0
54.0 38.0 1.0 1.0
60.0 38.0 1.0 1.0
-60.0 43.5 1.0 1.0
-54.0 43.5 1.0 1.0
-48.0 43.5 1.0 1.0
-42.0 43.5 1.0 1.0
-36.0 43.5 1.0 1.0
-30.0 43.5 1.0 1.0
-24.0 43.5 1.0 1.0
-18.0 43.5 1.0 1.0
-12.0 43.5 1.0 1.0
-6.0 43.5 1.0 1.0
0.0 43.5 1.0 1.0
6.0 43.5 1.0 1.0
12.0 43.5 1.0 1.0
18.0 43.5 1.0 1.0
24.0 43.5 1.0 1.0
30.0 43.5 1.0 1.0
36.0 43.5 1.0 1.0
42.0 43.5 1.0 1.0
48.0 43.5 1.0 1.0
54.0 43.5 1.0 1.0
60.0 43.5 1.0 1.0
-60.0 49.0 1.0 1.0
-54.0 49.0 1.0 1.0
-48.0 49.0 1.0 1.0
-42.0 49.0 1.0 1.0
-36.0 49.0 1.0 1.0
-30.0 49.0 1.0 1.0
-24.0 49.0 1.0 1.0
-18.0 49.0 1.0 1.0
-12.0 49.0 1.0 1.0
-6.0 49.0 1.0 1.0
0.0 49.0 1.0 1.0
6.0 49.0 1.0 1.0
12.0 49.0 1.0 1.0
18.0 49.0 1.0 1.0
24.0 49.0 1.0 1.0
30.0 49.0 1.0 1.0
36.0 49.0 1.0 1.0
42.0 49.0 1.0 1.0
48.0 49.0 1.0 1.0
54.0 49.0 1.0 1.0
60.0 49.0 1.0 1.0
-60.0 54.5 1.0 1.0
-54.0 54.5 1.0 1.0
-48.0 54.5 1.0 1.0
-42.0 54.5 1.0 1.0
-36.0 54.5 1.0 1.0
-30.0 54.5 1.0 1.0
-24.0 54.5 1.0 1.0
-18.0 54.5 1.0 1.0
-12.0 54.5 1.0 1.0
-6.0 54.5 1.0 1.0
0.0 54.5 1.0 1.0
6.0 54.5 1.0 1.0
12.0 54.5 1.0 1.0
18.0 54.5 1.0 1.0
24.0 54.5 1.0 1.0
30.0 54.5 1.0 1.0
36.0 54.5 1.0 1.0
42.0 54.5 1.0 1.0
48.0 54.5 1.0 1.0
54.0 54.5 1.0 1.0
60.0 54.5 1.0 1.0
-60.0 60.0 1.0 1.0
-54.0 60.0 1.0 1.0
-48.0 60.0 1.0 1.0
-42.0 60.0 1.0 1.0
-36.0 60.0 1.0 1.0
-30.0 60.0 1.0 1.0
-24.0 60.0 1.0 1.0
-18.0 60.0 1.0 1.0
-12.0 60.0 1.0 1.0
-6.0 60.0 1.0 1.0
0.0 60.0 1.0 1.0
6.0 60.0 1.0 1.0
12.0 60.0 1.0 1.0
18.0 60.0 1.0 1.0
24.0 60.0 1.0 1.0
30.0 60.0 1.0 1.0
36.0 60.0 1.0 1.0
42.0 60.0 1.0 1.0
48.0 60.0 1.0 1.0
54.0 60.0 1.0 1.0
60.0 60.0 1.0 1.0
