#Mock images
1
2
3
4
5
1
1681
-120.0 -120.0 1.0 1.0
-114.0 -120.0 1.0 1.0
-108.0 -120.0 1.0 1.0
-102.0 -120.0 1.0 1.0
-96.0 -120.0 1.0 1.0
-90.0 -120.0 1.0 1.0
-84.0 -120.0 1.0 1.0
-78.0 -120.0 1.0 1.0
-72.0 -120.0 1.0 1.0
-66.0 -120.0 1.0 1.0
-60.0 -120.0 1.0 1.0
-54.0 -120.0 1.0 1.0
-48.0 -120.0 1.0 1.0
-42.0 -120.0 1.0 1.0
-36.0 -120.0 1.0 1.0
-30.0 -120.0 1.0 1.0
-24.0 -120.0 1.0 1.0
-18.0 -120.0 1.0 1.0
-12.0 -120.0 1.0 1.0
-6.0 -120.0 1.0 1.0
0.0 -120.0 1.0 1.0
6.0 -120.0 1.0 1.0
12.0 -120.0 1.0 1.0
18.0 -120.0 1.0 1.0
24.0 -120.0 1.0 1.0
30.0 -120.0 1.0 1.0
36.0 -120.0 1.0 1.0
42.0 -120.0 1.0 1.0
48.0 -120.0 1.0 1.0
54.0 -120.0 1.0 1.0
60.0 -120.0 1.0 1.0
66.0 -120.0 1.0 1.0
72.0 -120.0 1.0 1.0
78.0 -120.0 1.0 1.0
84.0 -120.0 1.0 1.0
90.0 -120.0 1.0 1.0
96.0 -120.0 1.0 1.0
102.0 -120.0 1.0 1.0
108.0 -120.0 1.0 1.0
114.0 -120.0 1.0 1.0
120.0 -120.0 1.0 1.0
-120.0 -114.0 1.0 1.0
-114.0 -114.0 1.0 1.0
-108.0 -114.0 1.0 1.0
-102.0 -114.0 1.0 1.0
-96.0 -114.0 1.0 1.0
-90.0 -114.0 1.0 1.0
-84.0 -114.0 1.0 1.0
-78.0 -114.0 1.0 1.0
-72.0 -114.0 1.0 1.0
-66.0 -114.0 1.0 1.0
-60.0 -114.0 1.0 1.0
-54.0 -114.0 1.0 1.0
-48.0 -114.0 1.0 1.0
-42.0 -114.0 1.0 1.0
-36.0 -114.0 1.0 1.0
-30.0 -114.0 1.0 1.0
-24.0 -114.0 1.0 1.0
-18.0 -114.0 1.0 1.0
-12.0 -114.0 1.0 1.0
-6.0 -114.0 1.0 1.0
0.0 -114.0 1.0 1.0
6.0 -114.0 1.0 1.0
12.0 -114.0 1.0 1.0
18.0 -114.0 1.0 1.0
24.0 -114.0 1.0 1.0
30.0 -114.0 1.0 1.0
36.0 -114.0 1.0 1.0
42.0 -114.0 1.0 1.0
48.0 -114.0 1.0 1.0
54.0 -114.0 1.0 1.0
60.0 -114.0 1.0 1.0
66.0 -114.0 1.0 1.0
72.0 -114.0 1.0 1.0
78.0 -114.0 1.0 1.0
84.0 -114.0 1.0 1.0
90.0 -114.0 1.0 1.0
96.0 -114.0 1.0 1.0
102.0 -114.0 1.0 1.0
108.0 -114.0 1.0 1.0
114.0 -114.0 1.0 1.0
120.0 -114.0 1.0 1.0
-120.0 -108.0 1.0 1.0
-114.0 -108.0 1.0 1.0
-108.0 -108.0 1.0 1.0
-102.0 -108.0 1.0 1.0
-96.0 -108.0 1.0 1.0
-90.0 -108.0 1.0 1.0
-84.0 -108.0 1.0 1.0
-78.0 -108.0 1.0 1.0
-72.0 -108.0 1.0 1.0
-66.0 -108.0 1.0 1.0
-60.0 -108.0 1.0 1.0
-54.0 -108.0 1.0 1.0
-48.0 -108.0 1.0 1.0
-42.0 -108.0 1.0 1.0
-36.0 -108.0 1.0 1.0
-30.0 -108.0 1.0 1.0
-24.0 -108.0 1.0 1.0
-18.0 -108.0 1.0 1.0
-12.0 -108.0 1.0 1.0
-6.0 -108.0 1.0 1.0
0.0 -108.0 1.0 1.0
6.0 -108.0 1.0 1.0
12.0 -108.0 1.0 1.0
18.0 -108.0 1.0 1.0
24.0 -108.0 1.0 1.0
30.0 -108.0 1.0 1.0
36.0 -108.0 1.0 1.0
42.0 -108.0 1.0 1.0
48.0 -108.0 1.0 1.0
54.0 -108.0 1.0 1.0
60.0 -108.0 1.0 1.0
66.0 -108.0 1.0 1.0
72.0 -108.0 1.0 1.0
78.0 -108.0 1.0 1.0
84.0 -108.0 1.0 1.0
90.0 -108.0 1.0 1.0
96.0 -108.0 1.0 1.0
102.0 -108.0 1.0 1.0
108.0 -108.0 1.0 1.0
114.0 -108.0 1.0 1.0
120.0 -108.0 1.0 1.0
-120.0 -102.0 1.0 1.0
-114.0 -102.0 1.0 1.0
-108.0 -102.0 1.0 1.0
-102.0 -102.0 1.0 1.0
-96.0 -102.0 1.0 1.0
-90.0 -102.0 1.0 1.0
-84.0 -102.0 1.0 1.0
-78.0 -102.0 1.0 1.0
-72.0 -102.0 1.0 1.0
-66.0 -102.0 1.0 1.0
-60.0 -102.0 1.0 1.0
-54.0 -102.0 1.0 1.0
-48.0 -102.0 1.0 1.0
-42.0 -102.0 1.0 1.0
-36.0 -102.0 1.0 1.0
-30.0 -102.0 1.0 1.0
-24.0 -102.0 1.0 1.0
-18.0 -102.0 1.0 1.0
-12.0 -102.0 1.0 1.0
-6.0 -102.0 1.0 1.0
0.0 -102.0 1.0 1.0
6.0 -102.0 1.0 1.0
12.0 -102.0 1.0 1.0
18.0 -102.0 1.0 1.0
24.0 -102.0 1.0 1.0
30.0 -102.0 1.0 1.0
36.0 -102.0 1.0 1.0
42.0 -102.0 1.0 1.0
48.0 -102.0 1.0 1.0
54.0 -102.0 1.0 1.0
60.0 -102.0 1.0 1.0
66.0 -102.0 1.0 1.0
72.0 -102.0 1.0 1.0
78.0 -102.0 1.0 1.0
84.0 -102.0 1.0 1.0
90.0 -102.0 1.0 1.0
96.0 -102.0 1.0 1.0
102.0 -102.0 1.0 1.0
108.0 -102.0 1.0 1.0
114.0 -102.0 1.0 1.0
120.0 -102.0 1.0 1.0
-120.0 -96.0 1.0 1.0
-114.0 -96.0 1.0 1.0
-108.0 -96.0 1.0 1.0
-102.0 -96.0 1.0 1.0
-96.0 -96.0 1.0 1.0
-90.0 -96.0 1.0 1.0
-84.0 -96.0 1.0 1.0
-78.0 -96.0 1.0 1.0
-72.0 -96.0 1.0 1.0
-66.0 -96.0 1.0 1.0
-60.0 -96.0 1.0 1.0
-54.0 -96.0 1.0 1.0
-48.0 -96.0 1.0 1.0
-42.0 -96.0 1.0 1.0
-36.0 -96.0 1.0 1.0
-30.0 -96.0 1.0 1.0
-24.0 -96.0 1.0 1.0
-18.0 -96.0 1.0 1.0
-12.0 -96.0 1.0 1.0
-6.0 -96.0 1.0 1.0
0.0 -96.0 1.0 1.0
6.0 -96.0 1.0 1.0
12.0 -96.0 1.0 1.0
18.0 -96.0 1.0 1.0
24.0 -96.0 1.0 1.0
30.0 -96.0 1.0 1.0
36.0 -96.0 1.0 1.0
42.0 -96.0 1.0 1.0
48.0 -96.0 1.0 1.0
54.0 -96.0 1.0 1.0
60.0 -96.0 1.0 1.0
66.0 -96.0 1.0 1.0
72.0 -96.0 1.0 1.0
78.0 -96.0 1.0 1.0
84.0 -96.0 1.0 1.0
90.0 -96.0 1.0 1.0
96.0 -96.0 1.0 1.0
102.0 -96.0 1.0 1.0
108.0 -96.0 1.0 1.0
114.0 -96.0 1.0 1.0
120.0 -96.0 1.0 1.0
-120.0 -90.0 1.0 1.0
-114.0 -90.0 1.0 1.0
-108.0 -90.0 1.0 1.0
-102.0 -90.0 1.0 1.0
-96.0 -90.0 1.0 1.0
-90.0 -90.0 1.0 1.0
-84.0 -90.0 1.0 1.0
-78.0 -90.0 1.0 1.0
-72.0 -90.0 1.0 1.0
-66.0 -90.0 1.0 1.0
-60.0 -90.0 1.0 1.0
-54.0 -90.0 1.0 1.0
-48.0 -90.0 1.0 1.0
-42.0 -90.0 1.0 1.0
-36.0 -90.0 1.0 1.0
-30.0 -90.0 1.0 1.0
-24.0 -90.0 1.0 1.0
-18.0 -90.0 1.0 1.0
-12.0 -90.0 1.0 1.0
-6.0 -90.0 1.0 1.0
0.0 -90.0 1.0 1.0
6.0 -90.0 1.0 1.0
12.0 -90.0 1.0 1.0
18.0 -90.0 1.0 1.0
24.0 -90.0 1.0 1.0
30.0 -90.0 1.0 1.0
36.0 -90.0 1.0 1.0
42.0 -90.0 1.0 1.0
48.0 -90.0 1.0 1.0
54.0 -90.0 1.0 1.0
60.0 -90.0 1.0 1.0
66.0 -90.0 1.0 1.0
72.0 -90.0 1.0 1.0
78.0 -90.0 1.0 1.0
84.0 -90.0 1.0 1.0
90.0 -90.0 1.0 1.0
96.0 -90.0 1.0 1.0
102.0 -90.0 1.0 1.0
108.0 -90.0 1.0 1.0
114.0 -90.0 1.0 1.0
120.0 -90.0 1.0 1.0
-120.0 -84.0 1.0 1.0
-114.0 -84.0 1.0 1.0
-108.0 -84.0 1.0 1.0
-102.0 -84.0 1.0 1.0
-96.0 -84.0 1.0 1.0
-90.0 -84.0 1.0 1.0
-84.0 -84.0 1.0 1.0
-78.0 -84.0 1.0 1.0
-72.0 -84.0 1.0 1.0
-66.0 -84.0 1.0 1.0
-60.0 -84.0 1.0 1.0
-54.0 -84.0 1.0 1.0
-48.0 -84.0 1.0 1.0
-42.0 -84.0 1.0 1.0
-36.0 -84.0 1.0 1.0
-30.0 -84.0 1.0 1.0
-24.0 -84.0 1.0 1.0
-18.0 -84.0 1.0 1.0
-12.0 -84.0 1.0 1.0
-6.0 -84.0 1.0 1.0
0.0 -84.0 1.0 1.0
6.0 -84.0 1.0 1.0
12.0 -84.0 1.0 1.0
18.0 -84.0 1.0 1.0
24.0 -84.0 1.0 1.0
30.0 -84.0 1.0 1.0
36.0 -84.0 1.0 1.0
42.0 -84.0 1.0 1.0
48.0 -84.0 1.0 1.0
54.0 -84.0 1.0 1.0
60.0 -84.0 1.0 1.0
66.0 -84.0 1.0 1.0
72.0 -84.0 1.0 1.0
78.0 -84.0 1.0 1.0
84.0 -84.0 1.0 1.0
90.0 -84.0 1.0 1.0
96.0 -84.0 1.0 1.0
102.0 -84.0 1.0 1.0
108.0 -84.0 1.0 1.0
114.0 -84.0 1.0 1.0
120.0 -84.0 1.0 1.0
-120.0 -78.0 1.0 1.0
-114.0 -78.0 1.0 1.0
-108.0 -78.0 1.0 1.0
-102.0 -78.0 1.0 1.0
-96.0 -78.0 1.0 1.0
-90.0 -78.0 1.0 1.0
-84.0 -78.0 1.0 1.0
-78.0 -78.0 1.0 1.0
-72.0 -78.0 1.0 1.0
-66.0 -78.0 1.0 1.0
-60.0 -78.0 1.0 1.0
-54.0 -78.0 1.0 1.0
-48.0 -78.0 1.0 1.0
-42.0 -78.0 1.0 1.0
-36.0 -78.0 1.0 1.0
-30.0 -78.0 1.0 1.0
-24.0 -78.0 1.0 1.0
-18.0 -78.0 1.0 1.0
-12.0 -78.0 1.0 1.0
-6.0 -78.0 1.0 1.0
0.0 -78.0 1.0 1.0
6.0 -78.0 1.0 1.0
12.0 -78.0 1.0 1.0
18.0 -78.0 1.0 1.0
24.0 -78.0 1.0 1.0
30.0 -78.0 1.0 1.0
36.0 -78.0 1.0 1.0
42.0 -78.0 1.0 1.0
48.0 -78.0 1.0 1.0
54.0 -78.0 1.0 1.0
60.0 -78.0 1.0 1.0
66.0 -78.0 1.0 1.0
72.0 -78.0 1.0 1.0
78.0 -78.0 1.0 1.0
84.0 -78.0 1.0 1.0
90.0 -78.0 1.0 1.0
96.0 -78.0 1.0 1.0
102.0 -78.0 1.0 1.0
108.0 -78.0 1.0 1.0
114.0 -78.0 1.0 1.0
120.0 -78.0 1.0 1.0
-120.0 -72.0 1.0 1.0
-114.0 -72.0 1.0 1.0
-108.0 -72.0 1.0 1.0
-102.0 -72.0 1.0 1.0
-96.0 -72.0 1.0 1.0
-90.0 -72.0 1.0 1.0
-84.0 -72.0 1.0 1.0
-78.0 -72.0 1.0 1.0
-72.0 -72.0 1.0 1.0
-66.0 -72.0 1.0 1.0
-60.0 -72.0 1.0 1.0
-54.0 -72.0 1.0 1.0
-48.0 -72.0 1.0 1.0
-42.0 -72.0 1.0 1.0
-36.0 -72.0 1.0 1.0
-30.0 -72.0 1.0 1.0
-24.0 -72.0 1.0 1.0
-18.0 -72.0 1.0 1.0
-12.0 -72.0 1.0 1.0
-6.0 -72.0 1.0 1.0
0.0 -72.0 1.0 1.0
6.0 -72.0 1.0 1.0
12.0 -72.0 1.0 1.0
18.0 -72.0 1.0 1.0
24.0 -72.0 1.0 1.0
30.0 -72.0 1.0 1.0
36.0 -72.0 1.0 1.0
42.0 -72.0 1.0 1.0
48.0 -72.0 1.0 1.0
54.0 -72.0 1.0 1.0
60.0 -72.0 1.0 1.0
66.0 -72.0 1.0 1.0
72.0 -72.0 1.0 1.0
78.0 -72.0 1.0 1.0
84.0 -72.0 1.0 1.0
90.0 -72.0 1.0 1.0
96.0 -72.0 1.0 1.0
102.0 -72.0 1.0 1.0
108.0 -72.0 1.0 1.0
114.0 -72.0 1.0 1.0
120.0 -72.0 1.0 1.0
-120.0 -66.0 1.0 1.0
-114.0 -66.0 1.0 1.0
-108.0 -66.0 1.0 1.0
-102.0 -66.0 1.0 1.0
-96.0 -66.0 1.0 1.0
-90.0 -66.0 1.0 1.0
-84.0 -66.0 1.0 1.0
-78.0 -66.0 1.0 1.0
-72.0 -66.0 1.0 1.0
-66.0 -66.0 1.0 1.0
-60.0 -66.0 1.0 1.0
-54.0 -66.0 1.0 1.0
-48.0 -66.0 1.0 1.0
-42.0 -66.0 1.0 1.0
-36.0 -66.0 1.0 1.0
-30.0 -66.0 1.0 1.0
-24.0 -66.0 1.0 1.0
-18.0 -66.0 1.0 1.0
-12.0 -66.0 1.0 1.0
-6.0 -66.0 1.0 1.0
0.0 -66.0 1.0 1.0
6.0 -66.0 1.0 1.0
12.0 -66.0 1.0 1.0
18.0 -66.0 1.0 1.0
24.0 -66.0 1.0 1.0
30.0 -66.0 1.0 1.0
36.0 -66.0 1.0 1.0
42.0 -66.0 1.0 1.0
48.0 -66.0 1.0 1.0
54.0 -66.0 1.0 1.0
60.0 -66.0 1.0 1.0
66.0 -66.0 1.0 1.0
72.0 -66.0 1.0 1.0
78.0 -66.0 1.0 1.0
84.0 -66.0 1.0 1.0
90.0 -66.0 1.0 1.0
96.0 -66.0 1.0 1.0
102.0 -66.0 1.0 1.0
108.0 -66.0 1.0 1.0
114.0 -66.0 1.0 1.0
120.0 -66.0 1.0 1.0
-120.0 -60.0 1.0 1.0
-114.0 -60.0 1.0 1.0
-108.0 -60.0 1.0 1.0
-102.0 -60.0 1.0 1.0
-96.0 -60.0 1.0 1.0
-90.0 -60.0 1.0 1.0
-84.0 -60.0 1.0 1.0
-78.0 -60.0 1.0 1.0
-72.0 -60.0 1.0 1.0
-66.0 -60.0 1.0 1.0
-60.0 -60.0 1.0 1.0
-54.0 -60.0 1.0 1.0
-48.0 -60.0 1.0 1.0
-42.0 -60.0 1.0 1.0
-36.0 -60.0 1.0 1.0
-30.0 -60.0 1.0 1.0
-24.0 -60.0 1.0 1.0
-18.0 -60.0 1.0 1.0
-12.0 -60.0 1.0 1.0
-6.0 -60.0 1.0 1.0
0.0 -60.0 1.0 1.0
6.0 -60.0 1.0 1.0
12.0 -60.0 1.0 1.0
18.0 -60.0 1.0 1.0
24.0 -60.0 1.0 1.0
30.0 -60.0 1.0 1.0
36.0 -60.0 1.0 1.0
42.0 -60.0 1.0 1.0
48.0 -60.0 1.0 1.0
54.0 -60.0 1.0 1.0
60.0 -60.0 1.0 1.0
66.0 -60.0 1.0 1.0
72.0 -60.0 1.0 1.0
78.0 -60.0 1.0 1.0
84.0 -60.0 1.0 1.0
90.0 -60.0 1.0 1.0
96.0 -60.0 1.0 1.0
102.0 -60.0 1.0 1.0
108.0 -60.0 1.0 1.0
114.0 -60.0 1.0 1.0
120.0 -60.0 1.0 1.0
-120.0 -54.0 1.0 1.0
-114.0 -54.0 1.0 1.0
-108.0 -54.0 1.0 1.0
-102.0 -54.0 1.0 1.0
-96.0 -54.0 1.0 1.0
-90.0 -54.0 1.0 1.0
-84.0 -54.0 1.0 1.0
-78.0 -54.0 1.0 1.0
-72.0 -54.0 1.0 1.0
-66.0 -54.0 1.0 1.0
-60.0 -54.0 1.0 1.0
-54.0 -54.0 1.0 1.0
-48.0 -54.0 1.0 1.0
-42.0 -54.0 1.0 1.0
-36.0 -54.0 1.0 1.0
-30.0 -54.0 1.0 1.0
-24.0 -54.0 1.0 1.0
-18.0 -54.0 1.0 1.0
-12.0 -54.0 1.0 1.0
-6.0 -54.0 1.0 1.0
0.0 -54.0 1.0 1.0
6.0 -54.0 1.0 1.0
12.0 -54.0 1.0 1.0
18.0 -54.0 1.0 1.0
24.0 -54.0 1.0 1.0
30.0 -54.0 1.0 1.0
36.0 -54.0 1.0 1.0
42.0 -54.0 1.0 1.0
48.0 -54.0 1.0 1.0
54.0 -54.0 1.0 1.0
60.0 -54.0 1.0 1.0
66.0 -54.0 1.0 1.0
72.0 -54.0 1.0 1.0
78.0 -54.0 1.0 1.0
84.0 -54.0 1.0 1.0
90.0 -54.0 1.0 1.0
96.0 -54.0 1.0 1.0
102.0 -54.0 1.0 1.0
108.0 -54.0 1.0 1.0
114.0 -54.0 1.0 1.0
120.0 -54.0 1.0 1.0
-120.0 -48.0 1.0 1.0
-114.0 -48.0 1.0 1.0
-108.0 -48.0 1.0 1.0
-102.0 -48.0 1.0 1.0
-96.0 -48.0 1.0 1.0
-90.0 -48.0 1.0 1.0
-84.0 -48.0 1.0 1.0
-78.0 -48.0 1.0 1.0
-72.0 -48.0 1.0 1.0
-66.0 -48.0 1.0 1.0
-60.0 -48.0 1.0 1.0
-54.0 -48.0 1.0 1.0
-48.0 -48.0 1.0 1.0
-42.0 -48.0 1.0 1.0
-36.0 -48.0 1.0 1.0
-30.0 -48.0 1.0 1.0
-24.0 -48.0 1.0 1.0
-18.0 -48.0 1.0 1.0
-12.0 -48.0 1.0 1.0
-6.0 -48.0 1.0 1.0
0.0 -48.0 1.0 1.0
6.0 -48.0 1.0 1.0
12.0 -48.0 1.0 1.0
18.0 -48.0 1.0 1.0
24.0 -48.0 1.0 1.0
30.0 -48.0 1.0 1.0
36.0 -48.0 1.0 1.0
42.0 -48.0 1.0 1.0
48.0 -48.0 1.0 1.0
54.0 -48.0 1.0 1.0
60.0 -48.0 1.0 1.0
66.0 -48.0 1.0 1.0
72.0 -48.0 1.0 1.0
78.0 -48.0 1.0 1.0
84.0 -48.0 1.0 1.0
90.0 -48.0 1.0 1.0
96.0 -48.0 1.0 1.0
102.0 -48.0 1.0 1.0
108.0 -48.0 1.0 1.0
114.0 -48.0 1.0 1.0
120.0 -48.0 1.0 1.0
-120.0 -42.0 1.0 1.0
-114.0 -42.0 1.0 1.0
-108.0 -42.0 1.0 1.0
-102.0 -42.0 1.0 1.0
-96.0 -42.0 1.0 1.0
-90.0 -42.0 1.0 1.0
-84.0 -42.0 1.0 1.0
-78.0 -42.0 1.0 1.0
-72.0 -42.0 1.0 1.0
-66.0 -42.0 1.0 1.0
-60.0 -42.0 1.0 1.0
-54.0 -42.0 1.0 1.0
-48.0 -42.0 1.0 1.0
-42.0 -42.0 1.0 1.0
-36.0 -42.0 1.0 1.0
-30.0 -42.0 1.0 1.0
-24.0 -42.0 1.0 1.0
-18.0 -42.0 1.0 1.0
-12.0 -42.0 1.0 1.0
-6.0 -42.0 1.0 1.0
0.0 -42.0 1.0 1.0
6.0 -42.0 1.0 1.0
12.0 -42.0 1.0 1.0
18.0 -42.0 1.0 1.0
24.0 -42.0 1.0 1.0
30.0 -42.0 1.0 1.0
36.0 -42.0 1.0 1.0
42.0 -42.0 1.0 1.0
48.0 -42.0 1.0 1.0
54.0 -42.0 1.0 1.0
60.0 -42.0 1.0 1.0
66.0 -42.0 1.0 1.0
72.0 -42.0 1.0 1.0
78.0 -42.0 1.0 1.0
84.0 -42.0 1.0 1.0
90.0 -42.0 1.0 1.0
96.0 -42.0 1.0 1.0
102.0 -42.0 1.0 1.0
108.0 -42.0 1.0 1.0
114.0 -42.0 1.0 1.0
120.0 -42.0 1.0 1.0
-120.0 -36.0 1.0 1.0
-114.0 -36.0 1.0 1.0
-108.0 -36.0 1.0 1.0
-102.0 -36.0 1.0 1.0
-96.0 -36.0 1.0 1.0
-90.0 -36.0 1.0 1.0
-84.0 -36.0 1.0 1.0
-78.0 -36.0 1.0 1.0
-72.0 -36.0 1.0 1.0
-66.0 -36.0 1.0 1.0
-60.0 -36.0 1.0 1.0
-54.0 -36.0 1.0 1.0
-48.0 -36.0 1.0 1.0
-42.0 -36.0 1.0 1.0
-36.0 -36.0 1.0 1.0
-30.0 -36.0 1.0 1.0
-24.0 -36.0 1.0 1.0
-18.0 -36.0 1.0 1.0
-12.0 -36.0 1.0 1.0
-6.0 -36.0 1.0 1.0
0.0 -36.0 1.0 1.0
6.0 -36.0 1.0 1.0
12.0 -36.0 1.0 1.0
18.0 -36.0 1.0 1.0
24.0 -36.0 1.0 1.0
30.0 -36.0 1.0 1.0
36.0 -36.0 1.0 1.0
42.0 -36.0 1.0 1.0
48.0 -36.0 1.0 1.0
54.0 -36.0 1.0 1.0
60.0 -36.0 1.0 1.0
66.0 -36.0 1.0 1.0
72.0 -36.0 1.0 1.0
78.0 -36.0 1.0 1.0
84.0 -36.0 1.0 1.0
90.0 -36.0 1.0 1.0
96.0 -36.0 1.0 1.0
102.0 -36.0 1.0 1.0
108.0 -36.0 1.0 1.0
114.0 -36.0 1.0 1.0
120.0 -36.0 1.0 1.0
-120.0 -30.0 1.0 1.0
-114.0 -30.0 1.0 1.0
-108.0 -30.0 1.0 1.0
-102.0 -30.0 1.0 1.0
-96.0 -30.0 1.0 1.0
-90.0 -30.0 1.0 1.0
-84.0 -30.0 1.0 1.0
-78.0 -30.0 1.0 1.0
-72.0 -30.0 1.0 1.0
-66.0 -30.0 1.0 1.0
-60.0 -30.0 1.0 1.0
-54.0 -30.0 1.0 1.0
-48.0 -30.0 1.0 1.0
-42.0 -30.0 1.0 1.0
-36.0 -30.0 1.0 1.0
-30.0 -30.0 1.0 1.0
-24.0 -30.0 1.0 1.0
-18.0 -30.0 1.0 1.0
-12.0 -30.0 1.0 1.0
-6.0 -30.0 1.0 1.0
0.0 -30.0 1.0 1.0
6.0 -30.0 1.0 1.0
12.0 -30.0 1.0 1.0
18.0 -30.0 1.0 1.0
24.0 -30.0 1.0 1.0
30.0 -30.0 1.0 1.0
36.0 -30.0 1.0 1.0
42.0 -30.0 1.0 1.0
48.0 -30.0 1.0 1.0
54.0 -30.0 1.0 1.0
60.0 -30.0 1.0 1.0
66.0 -30.0 1.0 1.0
72.0 -30.0 1.0 1.0
78.0 -30.0 1.0 1.0
84.0 -30.0 1.0 1.0
90.0 -30.0 1.0 1.0
96.0 -30.0 1.0 1.0
102.0 -30.0 1.0 1.0
108.0 -30.0 1.0 1.0
114.0 -30.0 1.0 1.0
120.0 -30.0 1.0 1.0
-120.0 -24.0 1.0 1.0
-114.0 -24.0 1.0 1.0
-108.0 -24.0 1.0 1.0
-102.0 -24.0 1.0 1.0
-96.0 -24.0 1.0 1.0
-90.0 -24.0 1.0 1.0
-84.0 -24.0 1.0 1.0
-78.0 -24.0 1.0 1.0
-72.0 -24.0 1.0 1.0
-66.0 -24.0 1.0 1.0
-60.0 -24.0 1.0 1.0
-54.0 -24.0 1.0 1.0
-48.0 -24.0 1.0 1.0
-42.0 -24.0 1.0 1.0
-36.0 -24.0 1.0 1.0
-30.0 -24.0 1.0 1.0
-24.0 -24.0 1.0 1.0
-18.0 -24.0 1.0 1.0
-12.0 -24.0 1.0 1.0
-6.0 -24.0 1.0 1.0
0.0 -24.0 1.0 1.0
6.0 -24.0 1.0 1.0
12.0 -24.0 1.0 1.0
18.0 -24.0 1.0 1.0
24.0 -24.0 1.0 1.0
30.0 -24.0 1.0 1.0
36.0 -24.0 1.0 1.0
42.0 -24.0 1.0 1.0
48.0 -24.0 1.0 1.0
54.0 -24.0 1.0 1.0
60.0 -24.0 1.0 1.0
66.0 -24.0 1.0 1.0
72.0 -24.0 1.0 1.0
78.0 -24.0 1.0 1.0
84.0 -24.0 1.0 1.0
90.0 -24.0 1.0 1.0
96.0 -24.0 1.0 1.0
102.0 -24.0 1.0 1.0
108.0 -24.0 1.0 1.0
114.0 -24.0 1.0 1.0
120.0 -24.0 1.0 1.0
-120.0 -18.0 1.0 1.0
-114.0 -18.0 1.0 1.0
-108.0 -18.0 1.0 1.0
-102.0 -18.0 1.0 1.0
-96.0 -18.0 1.0 1.0
-90.0 -18.0 1.0 1.0
-84.0 -18.0 1.0 1.0
-78.0 -18.0 1.0 1.0
-72.0 -18.0 1.0 1.0
-66.0 -18.0 1.0 1.0
-60.0 -18.0 1.0 1.0
-54.0 -18.0 1.0 1.0
-48.0 -18.0 1.0 1.0
-42.0 -18.0 1.0 1.0
-36.0 -18.0 1.0 1.0
-30.0 -18.0 1.0 1.0
-24.0 -18.0 1.0 1.0
-18.0 -18.0 1.0 1.0
-12.0 -18.0 1.0 1.0
-6.0 -18.0 1.0 1.0
0.0 -18.0 1.0 1.0
6.0 -18.0 1.0 1.0
12.0 -18.0 1.0 1.0
18.0 -18.0 1.0 1.0
24.0 -18.0 1.0 1.0
30.0 -18.0 1.0 1.0
36.0 -18.0 1.0 1.0
42.0 -18.0 1.0 1.0
48.0 -18.0 1.0 1.0
54.0 -18.0 1.0 1.0
60.0 -18.0 1.0 1.0
66.0 -18.0 1.0 1.0
72.0 -18.0 1.0 1.0
78.0 -18.0 1.0 1.0
84.0 -18.0 1.0 1.0
90.0 -18.0 1.0 1.0
96.0 -18.0 1.0 1.0
102.0 -18.0 1.0 1.0
108.0 -18.0 1.0 1.0
114.0 -18.0 1.0 1.0
120.0 -18.0 1.0 1.0
-120.0 -12.0 1.0 1.0
-114.0 -12.0 1.0 1.0
-108.0 -12.0 1.0 1.0
-102.0 -12.0 1.0 1.0
-96.0 -12.0 1.0 1.0
-90.0 -12.0 1.0 1.0
-84.0 -12.0 1.0 1.0
-78.0 -12.0 1.0 1.0
-72.0 -12.0 1.0 1.0
-66.0 -12.0 1.0 1.0
-60.0 -12.0 1.0 1.0
-54.0 -12.0 1.0 1.0
-48.0 -12.0 1.0 1.0
-42.0 -12.0 1.0 1.0
-36.0 -12.0 1.0 1.0
-30.0 -12.0 1.0 1.0
-24.0 -12.0 1.0 1.0
-18.0 -12.0 1.0 1.0
-12.0 -12.0 1.0 1.0
-6.0 -12.0 1.0 1.0
0.0 -12.0 1.0 1.0
6.0 -12.0 1.0 1.0
12.0 -12.0 1.0 1.0
18.0 -12.0 1.0 1.0
24.0 -12.0 1.0 1.0
30.0 -12.0 1.0 1.0
36.0 -12.0 1.0 1.0
42.0 -12.0 1.0 1.0
48.0 -12.0 1.0 1.0
54.0 -12.0 1.0 1.0
60.0 -12.0 1.0 1.0
66.0 -12.0 1.0 1.0
72.0 -12.0 1.0 1.0
78.0 -12.0 1.0 1.0
84.0 -12.0 1.0 1.0
90.0 -12.0 1.0 1.0
96.0 -12.0 1.0 1.0
102.0 -12.0 1.0 1.0
108.0 -12.0 1.0 1.0
114.0 -12.0 1.0 1.0
120.0 -12.0 1.0 1.0
-120.0 -6.0 1.0 1.0
-114.0 -6.0 1.0 1.0
-108.0 -6.0 1.0 1.0
-102.0 -6.0 1.0 1.0
-96.0 -6.0 1.0 1.0
-90.0 -6.0 1.0 1.0
-84.0 -6.0 1.0 1.0
-78.0 -6.0 1.0 1.0
-72.0 -6.0 1.0 1.0
-66.0 -6.0 1.0 1.0
-60.0 -6.0 1.0 1.0
-54.0 -6.0 1.0 1.0
-48.0 -6.0 1.0 1.0
-42.0 -6.0 1.0 1.0
-36.0 -6.0 1.0 1.0
-30.0 -6.0 1.0 1.0
-24.0 -6.0 1.0 1.0
-18.0 -6.0 1.0 1.0
-12.0 -6.0 1.0 1.0
-6.0 -6.0 1.0 1.0
0.0 -6.0 1.0 1.0
6.0 -6.0 1.0 1.0
12.0 -6.0 1.0 1.0
18.0 -6.0 1.0 1.0
24.0 -6.0 1.0 1.0
30.0 -6.0 1.0 1.0
36.0 -6.0 1.0 1.0
42.0 -6.0 1.0 1.0
48.0 -6.0 1.0 1.0
54.0 -6.0 1.0 1.0
60.0 -6.0 1.0 1.0
66.0 -6.0 1.0 1.0
72.0 -6.0 1.0 1.0
78.0 -6.0 1.0 1.0
84.0 -6.0 1.0 1.0
90.0 -6.0 1.0 1.0
96.0 -6.0 1.0 1.0
102.0 -6.0 1.0 1.0
108.0 -6.0 1.0 1.0
114.0 -6.0 1.0 1.0
120.0 -6.0 1.0 1.0
-120.0 0.0 1.0 1.0
-114.0 0.0 1.0 1.0
-108.0 0.0 1.0 1.0
-102.0 0.0 1.0 1.0
-96.0 0.0 1.0 1.0
-90.0 0.0 1.0 1.0
-84.0 0.0 1.0 1.0
-78.0 0.0 1.0 1.0
-72.0 0.0 1.0 1.0
-66.0 0.0 1.0 1.0
-60.0 0.0 1.0 1.0
-54.0 0.0 1.0 1.0
-48.0 0.0 1.0 1.0
-42.0 0.0 1.0 1.0
-36.0 0.0 1.0 1.0
-30.0 0.0 1.0 1.0
-24.0 0.0 1.0 1.0
-18.0 0.0 1.0 1.0
-12.0 0.0 1.0 1.0
-6.0 0.0 1.0 1.0
0.0 0.0 1.0 1.0
6.0 0.0 1.0 1.0
12.0 0.0 1.0 1.0
18.0 0.0 1.0 1.0
24.0 0.0 1.0 1.0
30.0 0.0 1.0 1.0
36.0 0.0 1.0 1.0
42.0 0.0 1.0 1.0
48.0 0.0 1.0 1.0
54.0 0.0 1.0 1.0
60.0 0.0 1.0 1.0
66.0 0.0 1.0 1.0
72.0 0.0 1.0 1.0
78.0 0.0 1.0 1.0
84.0 0.0 1.0 1.0
90.0 0.0 1.0 1.0
96.0 0.0 1.0 1.0
102.0 0.0 1.0 1.0
108.0 0.0 1.0 1.0
114.0 0.0 1.0 1.0
120.0 0.0 1.0 1.0
-120.0 6.0 1.0 1.0
-114.0 6.0 1.0 1.0
-108.0 6.0 1.0 1.0
-102.0 6.0 1.0 1.0
-96.0 6.0 1.0 1.0
-90.0 6.0 1.0 1.0
-84.0 6.0 1.0 1.0
-78.0 6.0 1.0 1.0
-72.0 6.0 1.0 1.0
-66.0 6.0 1.0 1.0
-60.0 6.0 1.0 1.0
-54.0 6.0 1.0 1.0
-48.0 6.0 1.0 1.0
-42.0 6.0 1.0 1.0
-36.0 6.0 1.0 1.0
-30.0 6.0 1.0 1.0
-24.0 6.0 1.0 1.0
-18.0 6.0 1.0 1.0
-12.0 6.0 1.0 1.0
-6.0 6.0 1.0 1.0
0.0 6.0 1.0 1.0
6.0 6.0 1.0 1.0
12.0 6.0 1.0 1.0
18.0 6.0 1.0 1.0
24.0 6.0 1.0 1.0
30.0 6.0 1.0 1.0
36.0 6.0 1.0 1.0
42.0 6.0 1.0 1.0
48.0 6.0 1.0 1.0
54.0 6.0 1.0 1.0
60.0 6.0 1.0 1.0
66.0 6.0 1.0 1.0
72.0 6.0 1.0 1.0
78.0 6.0 1.0 1.0
84.0 6.0 1.0 1.0
90.0 6.0 1.0 1.0
96.0 6.0 1.0 1.0
102.0 6.0 1.0 1.0
108.0 6.0 1.0 1.0
114.0 6.0 1.0 1.0
120.0 6.0 1.0 1.0
-120.0 12.0 1.0 1.0
-114.0 12.0 1.0 1.0
-108.0 12.0 1.0 1.0
-102.0 12.0 1.0 1.0
-96.0 12.0 1.0 1.0
-90.0 12.0 1.0 1.0
-84.0 12.0 1.0 1.0
-78.0 12.0 1.0 1.0
-72.0 12.0 1.0 1.0
-66.0 12.0 1.0 1.0
-60.0 12.0 1.0 1.0
-54.0 12.0 1.0 1.0
-48.0 12.0 1.0 1.0
-42.0 12.0 1.0 1.0
-36.0 12.0 1.0 1.0
-30.0 12.0 1.0 1.0
-24.0 12.0 1.0 1.0
-18.0 12.0 1.0 1.0
-12.0 12.0 1.0 1.0
-6.0 12.0 1.0 1.0
0.0 12.0 1.0 1.0
6.0 12.0 1.0 1.0
12.0 12.0 1.0 1.0
18.0 12.0 1.0 1.0
24.0 12.0 1.0 1.0
30.0 12.0 1.0 1.0
36.0 12.0 1.0 1.0
42.0 12.0 1.0 1.0
48.0 12.0 1.0 1.0
54.0 12.0 1.0 1.0
60.0 12.0 1.0 1.0
66.0 12.0 1.0 1.0
72.0 12.0 1.0 1.0
78.0 12.0 1.0 1.0
84.0 12.0 1.0 1.0
90.0 12.0 1.0 1.0
96.0 12.0 1.0 1.0
102.0 12.0 1.0 1.0
108.0 12.0 1.0 1.0
114.0 12.0 1.0 1.0
120.0 12.0 1.0 1.0
-120.0 18.0 1.0 1.0
-114.0 18.0 1.0 1.0
-108.0 18.0 1.0 1.0
-102.0 18.0 1.0 1.0
-96.0 18.0 1.0 1.0
-90.0 18.0 1.0 1.0
-84.0 18.0 1.0 1.0
-78.0 18.0 1.0 1.0
-72.0 18.0 1.0 1.0
-66.0 18.0 1.0 1.0
-60.0 18.0 1.0 1.0
-54.0 18.0 1.0 1.0
-48.0 18.0 1.0 1.0
-42.0 18.0 1.0 1.0
-36.0 18.0 1.0 1.0
-30.0 18.0 1.0 1.0
-24.0 18.0 1.0 1.0
-18.0 18.0 1.0 1.0
-12.0 18.0 1.0 1.0
-6.0 18.0 1.0 1.0
0.0 18.0 1.0 1.0
6.0 18.0 1.0 1.0
12.0 18.0 1.0 1.0
18.0 18.0 1.0 1.0
24.0 18.0 1.0 1.0
30.0 18.0 1.0 1.0
36.0 18.0 1.0 1.0
42.0 18.0 1.0 1.0
48.0 18.0 1.0 1.0
54.0 18.0 1.0 1.0
60.0 18.0 1.0 1.0
66.0 18.0 1.0 1.0
72.0 18.0 1.0 1.0
78.0 18.0 1.0 1.0
84.0 18.0 1.0 1.0
90.0 18.0 1.0 1.0
96.0 18.0 1.0 1.0
102.0 18.0 1.0 1.0
108.0 18.0 1.0 1.0
114.0 18.0 1.0 1.0
120.0 18.0 1.0 1.0
-120.0 24.0 1.0 1.0
-114.0 24.0 1.0 1.0
-108.0 24.0 1.0 1.0
-102.0 24.0 1.0 1.0
-96.0 24.0 1.0 1.0
-90.0 24.0 1.0 1.0
-84.0 24.0 1.0 1.0
-78.0 24.0 1.0 1.0
-72.0 24.0 1.0 1.0
-66.0 24.0 1.0 1.0
-60.0 24.0 1.0 1.0
-54.0 24.0 1.0 1.0
-48.0 24.0 1.0 1.0
-42.0 24.0 1.0 1.0
-36.0 24.0 1.0 1.0
-30.0 24.0 1.0 1.0
-24.0 24.0 1.0 1.0
-18.0 24.0 1.0 1.0
-12.0 24.0 1.0 1.0
-6.0 24.0 1.0 1.0
0.0 24.0 1.0 1.0
6.0 24.0 1.0 1.0
12.0 24.0 1.0 1.0
18.0 24.0 1.0 1.0
24.0 24.0 1.0 1.0
30.0 24.0 1.0 1.0
36.0 24.0 1.0 1.0
42.0 24.0 1.0 1.0
48.0 24.0 1.0 1.0
54.0 24.0 1.0 1.0
60.0 24.0 1.0 1.0
66.0 24.0 1.0 1.0
72.0 24.0 1.0 1.0
78.0 24.0 1.0 1.0
84.0 24.0 1.0 1.0
90.0 24.0 1.0 1.0
96.0 24.0 1.0 1.0
102.0 24.0 1.0 1.0
108.0 24.0 1.0 1.0
114.0 24.0 1.0 1.0
120.0 24.0 1.0 1.0
-120.0 30.0 1.0 1.0
-114.0 30.0 1.0 1.0
-108.0 30.0 1.0 1.0
-102.0 30.0 1.0 1.0
-96.0 30.0 1.0 1.0
-90.0 30.0 1.0 1.0
-84.0 30.0 1.0 1.0
-78.0 30.0 1.0 1.0
-72.0 30.0 1.0 1.0
-66.0 30.0 1.0 1.0
-60.0 30.0 1.0 1.0
-54.0 30.0 1.0 1.0
-48.0 30.0 1.0 1.0
-42.0 30.0 1.0 1.0
-36.0 30.0 1.0 1.0
-30.0 30.0 1.0 1.0
-24.0 30.0 1.0 1.0
-18.0 30.0 1.0 1.0
-12.0 30.0 1.0 1.0
-6.0 30.0 1.0 1.0
0.0 30.0 1.0 1.0
6.0 30.0 1.0 1.0
12.0 30.0 1.0 1.0
18.0 30.0 1.0 1.0
24.0 30.0 1.0 1.0
30.0 30.0 1.0 1.0
36.0 30.0 1.0 1.0
42.0 30.0 1.0 1.0
48.0 30.0 1.0 1.0
54.0 30.0 1.0 1.0
60.0 30.0 1.0 1.0
66.0 30.0 1.0 1.0
72.0 30.0 1.0 1.0
78.0 30.0 1.0 1.0
84.0 30.0 1.0 1.0
90.0 30.0 1.0 1.0
96.0 30.0 1.0 1.0
102.0 30.0 1.0 1.0
108.0 30.0 1.0 1.0
114.0 30.0 1.0 1.0
120.0 30.0 1.0 1.0
-120.0 36.0 1.0 1.0
-114.0 36.0 1.0 1.0
-108.0 36.0 1.0 1.0
-102.0 36.0 1.0 1.0
-96.0 36.0 1.0 1.0
-90.0 36.0 1.0 1.0
-84.0 36.0 1.0 1.0
-78.0 36.0 1.0 1.0
-72.0 36.0 1.0 1.0
-66.0 36.0 1.0 1.0
-60.0 36.0 1.0 1.0
-54.0 36.0 1.0 1.0
-48.0 36.0 1.0 1.0
-42.0 36.0 1.0 1.0
-36.0 36.0 1.0 1.0
-30.0 36.0 1.0 1.0
-24.0 36.0 1.0 1.0
-18.0 36.0 1.0 1.0
-12.0 36.0 1.0 1.0
-6.0 36.0 1.0 1.0
0.0 36.0 1.0 1.0
6.0 36.0 1.0 1.0
12.0 36.0 1.0 1.0
18.0 36.0 1.0 1.0
24.0 36.0 1.0 1.0
30.0 36.0 1.0 1.0
36.0 36.0 1.0 1.0
42.0 36.0 1.0 1.0
48.0 36.0 1.0 1.0
54.0 36.0 1.0 1.0
60.0 36.0 1.0 1.0
66.0 36.0 1.0 1.0
72.0 36.0 1.0 1.0
78.0 36.0 1.0 1.0
84.0 36.0 1.0 1.0
90.0 36.0 1.0 1.0
96.0 36.0 1.0 1.0
102.0 36.0 1.0 1.0
108.0 36.0 1.0 1.0
114.0 36.0 1.0 1.0
120.0 36.0 1.0 1.0
-120.0 42.0 1.0 1.0
-114.0 42.0 1.0 1.0
-108.0 42.0 1.0 1.0
-102.0 42.0 1.0 1.0
-96.0 42.0 1.0 1.0
-90.0 42.0 1.0 1.0
-84.0 42.0 1.0 1.0
-78.0 42.0 1.0 1.0
-72.0 42.0 1.0 1.0
-66.0 42.0 1.0 1.0
-60.0 42.0 1.0 1.0
-54.0 42.0 1.0 1.0
-48.0 42.0 1.0 1.0
-42.0 42.0 1.0 1.0
-36.0 42.0 1.0 1.0
-30.0 42.0 1.0 1.0
-24.0 42.0 1.0 1.0
-18.0 42.0 1.0 1.0
-12.0 42.0 1.0 1.0
-6.0 42.0 1.0 1.0
0.0 42.0 1.0 1.0
6.0 42.0 1.0 1.0
12.0 42.0 1.0 1.0
18.0 42.0 1.0 1.0
24.0 42.0 1.0 1.0
30.0 42.0 1.0 1.0
36.0 42.0 1.0 1.0
42.0 42.0 1.0 1.0
48.0 42.0 1.0 1.0
54.0 42.0 1.0 1.0
60.0 42.0 1.0 1.0
66.0 42.0 1.0 1.0
72.0 42.0 1.0 1.0
78.0 42.0 1.0 1.0
84.0 42.0 1.0 1.0
90.0 42.0 1.0 1.0
96.0 42.0 1.0 1.0
102.0 42.0 1.0 1.0
108.0 42.0 1.0 1.0
114.0 42.0 1.0 1.0
120.0 42.0 1.0 1.0
-120.0 48.0 1.0 1.0
-114.0 48.0 1.0 1.0
-108.0 48.0 1.0 1.0
-102.0 48.0 1.0 1.0
-96.0 48.0 1.0 1.0
-90.0 48.0 1.0 1.0
-84.0 48.0 1.0 1.0
-78.0 48.0 1.0 1.0
-72.0 48.0 1.0 1.0
-66.0 48.0 1.0 1.0
-60.0 48.0 1.0 1.0
-54.0 48.0 1.0 1.0
-48.0 48.0 1.0 1.0
-42.0 48.0 1.0 1.0
-36.0 48.0 1.0 1.0
-30.0 48.0 1.0 1.0
-24.0 48.0 1.0 1.0
-18.0 48.0 1.0 1.0
-12.0 48.0 1.0 1.0
-6.0 48.0 1.0 1.0
0.0 48.0 1.0 1.0
6.0 48.0 1.0 1.0
12.0 48.0 1.0 1.0
18.0 48.0 1.0 1.0
24.0 48.0 1.0 1.0
30.0 48.0 1.0 1.0
36.0 48.0 1.0 1.0
42.0 48.0 1.0 1.0
48.0 48.0 1.0 1.0
54.0 48.0 1.0 1.0
60.0 48.0 1.0 1.0
66.0 48.0 1.0 1.0
72.0 48.0 1.0 1.0
78.0 48.0 1.0 1.0
84.0 48.0 1.0 1.0
90.0 48.0 1.0 1.0
96.0 48.0 1.0 1.0
102.0 48.0 1.0 1.0
108.0 48.0 1.0 1.0
114.0 48.0 1.0 1.0
120.0 48.0 1.0 1.0
-120.0 54.0 1.0 1.0
-114.0 54.0 1.0 1.0
-108.0 54.0 1.0 1.0
-102.0 54.0 1.0 1.0
-96.0 54.0 1.0 1.0
-90.0 54.0 1.0 1.0
-84.0 54.0 1.0 1.0
-78.0 54.0 1.0 1.0
-72.0 54.0 1.0 1.0
-66.0 54.0 1.0 1.0
-60.0 54.0 1.0 1.0
-54.0 54.0 1.0 1.0
-48.0 54.0 1.0 1.0
-42.0 54.0 1.0 1.0
-36.0 54.0 1.0 1.0
-30.0 54.0 1.0 1.0
-24.0 54.0 1.0 1.0
-18.0 54.0 1.0 1.0
-12.0 54.0 1.0 1.0
-6.0 54.0 1.0 1.0
0.0 54.0 1.0 1.0
6.0 54.0 1.0 1.0
12.0 54.0 1.0 1.0
18.0 54.0 1.0 1.0
24.0 54.0 1.0 1.0
30.0 54.0 1.0 1.0
36.0 54.0 1.0 1.0
42.0 54.0 1.0 1.0
48.0 54.0 1.0 1.0
54.0 54.0 1.0 1.0
60.0 54.0 1.0 1.0
66.0 54.0 1.0 1.0
72.0 54.0 1.0 1.0
78.0 54.0 1.0 1.0
84.0 54.0 1.0 1.0
90.0 54.0 1.0 1.0
96.0 54.0 1.0 1.0
102.0 54.0 1.0 1.0
108.0 54.0 1.0 1.0
114.0 54.0 1.0 1.0
120.0 54.0 1.0 1.0
-120.0 60.0 1.0 1.0
-114.0 60.0 1.0 1.0
-108.0 60.0 1.0 1.0
-102.0 60.0 1.0 1.0
-96.0 60.0 1.0 1.0
-90.0 60.0 1.0 1.0
-84.0 60.0 1.0 1.0
-78.0 60.0 1.0 1.0
-72.0 60.0 1.0 1.0
-66.0 60.0 1.0 1.0
-60.0 60.0 1.0 1.0
-54.0 60.0 1.0 1.0
-48.0 60.0 1.0 1.0
-42.0 60.0 1.0 1.0
-36.0 60.0 1.0 1.0
-30.0 60.0 1.0 1.0
-24.0 60.0 1.0 1.0
-18.0 60.0 1.0 1.0
-12.0 60.0 1.0 1.0
-6.0 60.0 1.0 1.0
0.0 60.0 1.0 1.0
6.0 60.0 1.0 1.0
12.0 60.0 1.0 1.0
18.0 60.0 1.0 1.0
24.0 60.0 1.0 1.0
30.0 60.0 1.0 1.0
36.0 60.0 1.0 1.0
42.0 60.0 1.0 1.0
48.0 60.0 1.0 1.0
54.0 60.0 1.0 1.0
60.0 60.0 1.0 1.0
66.0 60.0 1.0 1.0
72.0 60.0 1.0 1.0
78.0 60.0 1.0 1.0
84.0 60.0 1.0 1.0
90.0 60.0 1.0 1.0
96.0 60.0 1.0 1.0
102.0 60.0 1.0 1.0
108.0 60.0 1.0 1.0
114.0 60.0 1.0 1.0
120.0 60.0 1.0 1.0
-120.0 66.0 1.0 1.0
-114.0 66.0 1.0 1.0
-108.0 66.0 1.0 1.0
-102.0 66.0 1.0 1.0
-96.0 66.0 1.0 1.0
-90.0 66.0 1.0 1.0
-84.0 66.0 1.0 1.0
-78.0 66.0 1.0 1.0
-72.0 66.0 1.0 1.0
-66.0 66.0 1.0 1.0
-60.0 66.0 1.0 1.0
-54.0 66.0 1.0 1.0
-48.0 66.0 1.0 1.0
-42.0 66.0 1.0 1.0
-36.0 66.0 1.0 1.0
-30.0 66.0 1.0 1.0
-24.0 66.0 1.0 1.0
-18.0 66.0 1.0 1.0
-12.0 66.0 1.0 1.0
-6.0 66.0 1.0 1.0
0.0 66.0 1.0 1.0
6.0 66.0 1.0 1.0
12.0 66.0 1.0 1.0
18.0 66.0 1.0 1.0
24.0 66.0 1.0 1.0
30.0 66.0 1.0 1.0
36.0 66.0 1.0 1.0
42.0 66.0 1.0 1.0
48.0 66.0 1.0 1.0
54.0 66.0 1.0 1.0
60.0 66.0 1.0 1.0
66.0 66.0 1.0 1.0
72.0 66.0 1.0 1.0
78.0 66.0 1.0 1.0
84.0 66.0 1.0 1.0
90.0 66.0 1.0 1.0
96.0 66.0 1.0 1.0
102.0 66.0 1.0 1.0
108.0 66.0 1.0 1.0
114.0 66.0 1.0 1.0
120.0 66.0 1.0 1.0
-120.0 72.0 1.0 1.0
-114.0 72.0 1.0 1.0
-108.0 72.0 1.0 1.0
-102.0 72.0 1.0 1.0
-96.0 72.0 1.0 1.0
-90.0 72.0 1.0 1.0
-84.0 72.0 1.0 1.0
-78.0 72.0 1.0 1.0
-72.0 72.0 1.0 1.0
-66.0 72.0 1.0 1.0
-60.0 72.0 1.0 1.0
-54.0 72.0 1.0 1.0
-48.0 72.0 1.0 1.0
-42.0 72.0 1.0 1.0
-36.0 72.0 1.0 1.0
-30.0 72.0 1.0 1.0
-24.0 72.0 1.0 1.0
-18.0 72.0 1.0 1.0
-12.0 72.0 1.0 1.0
-6.0 72.0 1.0 1.0
0.0 72.0 1.0 1.0
6.0 72.0 1.0 1.0
12.0 72.0 1.0 1.0
18.0 72.0 1.0 1.0
24.0 72.0 1.0 1.0
30.0 72.0 1.0 1.0
36.0 72.0 1.0 1.0
42.0 72.0 1.0 1.0
48.0 72.0 1.0 1.0
54.0 72.0 1.0 1.0
60.0 72.0 1.0 1.0
66.0 72.0 1.0 1.0
72.0 72.0 1.0 1.0
78.0 72.0 1.0 1.0
84.0 72.0 1.0 1.0
90.0 72.0 1.0 1.0
96.0 72.0 1.0 1.0
102.0 72.0 1.0 1.0
108.0 72.0 1.0 1.0
114.0 72.0 1.0 1.0
120.0 72.0 1.0 1.0
-120.0 78.0 1.0 1.0
-114.0 78.0 1.0 1.0
-108.0 78.0 1.0 1.0
-102.0 78.0 1.0 1.0
-96.0 78.0 1.0 1.0
-90.0 78.0 1.0 1.0
-84.0 78.0 1.0 1.0
-78.0 78.0 1.0 1.0
-72.0 78.0 1.0 1.0
-66.0 78.0 1.0 1.0
-60.0 78.0 1.0 1.0
-54.0 78.0 1.0 1.0
-48.0 78.0 1.0 1.0
-42.0 78.0 1.0 1.0
-36.0 78.0 1.0 1.0
-30.0 78.0 1.0 1.0
-24.0 78.0 1.0 1.0
-18.0 78.0 1.0 1.0
-12.0 78.0 1.0 1.0
-6.0 78.0 1.0 1.0
0.0 78.0 1.0 1.0
6.0 78.0 1.0 1.0
12.0 78.0 1.0 1.0
18.0 78.0 1.0 1.0
24.0 78.0 1.0 1.0
30.0 78.0 1.0 1.0
36.0 78.0 1.0 1.0
42.0 78.0 1.0 1.0
48.0 78.0 1.0 1.0
54.0 78.0 1.0 1.0
60.0 78.0 1.0 1.0
66.0 78.0 1.0 1.0
72.0 78.0 1.0 1.0
78.0 78.0 1.0 1.0
84.0 78.0 1.0 1.0
90.0 78.0 1.0 1.0
96.0 78.0 1.0 1.0
102.0 78.0 1.0 1.0
108.0 78.0 1.0 1.0
114.0 78.0 1.0 1.0
120.0 78.0 1.0 1.0
-120.0 84.0 1.0 1.0
-114.0 84.0 1.0 1.0
-108.0 84.0 1.0 1.0
-102.0 84.0 1.0 1.0
-96.0 84.0 1.0 1.0
-90.0 84.0 1.0 1.0
-84.0 84.0 1.0 1.0
-78.0 84.0 1.0 1.0
-72.0 84.0 1.0 1.0
-66.0 84.0 1.0 1.0
-60.0 84.0 1.0 1.0
-54.0 84.0 1.0 1.0
-48.0 84.0 1.0 1.0
-42.0 84.0 1.0 1.0
-36.0 84.0 1.0 1.0
-30.0 84.0 1.0 1.0
-24.0 84.0 1.0 1.0
-18.0 84.0 1.0 1.0
-12.0 84.0 1.0 1.0
-6.0 84.0 1.0 1.0
0.0 84.0 1.0 1.0
6.0 84.0 1.0 1.0
12.0 84.0 1.0 1.0
18.0 84.0 1.0 1.0
24.0 84.0 1.0 1.0
30.0 84.0 1.0 1.0
36.0 84.0 1.0 1.0
42.0 84.0 1.0 1.0
48.0 84.0 1.0 1.0
54.0 84.0 1.0 1.0
60.0 84.0 1.0 1.0
66.0 84.0 1.0 1.0
72.0 84.0 1.0 1.0
78.0 84.0 1.0 1.0
84.0 84.0 1.0 1.0
90.0 84.0 1.0 1.0
96.0 84.0 1.0 1.0
102.0 84.0 1.0 1.0
108.0 84.0 1.0 1.0
114.0 84.0 1.0 1.0
120.0 84.0 1.0 1.0
-120.0 90.0 1.0 1.0
-114.0 90.0 1.0 1.0
-108.0 90.0 1.0 1.0
-102.0 90.0 1.0 1.0
-96.0 90.0 1.0 1.0
-90.0 90.0 1.0 1.0
-84.0 90.0 1.0 1.0
-78.0 90.0 1.0 1.0
-72.0 90.0 1.0 1.0
-66.0 90.0 1.0 1.0
-60.0 90.0 1.0 1.0
-54.0 90.0 1.0 1.0
-48.0 90.0 1.0 1.0
-42.0 90.0 1.0 1.0
-36.0 90.0 1.0 1.0
-30.0 90.0 1.0 1.0
-24.0 90.0 1.0 1.0
-18.0 90.0 1.0 1.0
-12.0 90.0 1.0 1.0
-6.0 90.0 1.0 1.0
0.0 90.0 1.0 1.0
6.0 90.0 1.0 1.0
12.0 90.0 1.0 1.0
18.0 90.0 1.0 1.0
24.0 90.0 1.0 1.0
30.0 90.0 1.0 1.0
36.0 90.0 1.0 1.0
42.0 90.0 1.0 1.0
48.0 90.0 1.0 1.0
54.0 90.0 1.0 1.0
60.0 90.0 1.0 1.0
66.0 90.0 1.0 1.0
72.0 90.0 1.0 1.0
78.0 90.0 1.0 1.0
84.0 90.0 1.0 1.0
90.0 90.0 1.0 1.0
96.0 90.0 1.0 1.0
102.0 90.0 1.0 1.0
108.0 90.0 1.0 1.0
114.0 90.0 1.0 1.0
120.0 90.0 1.0 1.0
-120.0 96.0 1.0 1.0
-114.0 96.0 1.0 1.0
-108.0 96.0 1.0 1.0
-102.0 96.0 1.0 1.0
-96.0 96.0 1.0 1.0
-90.0 96.0 1.0 1.0
-84.0 96.0 1.0 1.0
-78.0 96.0 1.0 1.0
-72.0 96.0 1.0 1.0
-66.0 96.0 1.0 1.0
-60.0 96.0 1.0 1.0
-54.0 96.0 1.0 1.0
-48.0 96.0 1.0 1.0
-42.0 96.0 1.0 1.0
-36.0 96.0 1.0 1.0
-30.0 96.0 1.0 1.0
-24.0 96.0 1.0 1.0
-18.0 96.0 1.0 1.0
-12.0 96.0 1.0 1.0
-6.0 96.0 1.0 1.0
0.0 96.0 1.0 1.0
6.0 96.0 1.0 1.0
12.0 96.0 1.0 1.0
18.0 96.0 1.0 1.0
24.0 96.0 1.0 1.0
30.0 96.0 1.0 1.0
36.0 96.0 1.0 1.0
42.0 96.0 1.0 1.0
48.0 96.0 1.0 1.0
54.0 96.0 1.0 1.0
60.0 96.0 1.0 1.0
66.0 96.0 1.0 1.0
72.0 96.0 1.0 1.0
78.0 96.0 1.0 1.0
84.0 96.0 1.0 1.0
90.0 96.0 1.0 1.0
96.0 96.0 1.0 1.0
102.0 96.0 1.0 1.0
108.0 96.0 1.0 1.0
114.0 96.0 1.0 1.0
120.0 96.0 1.0 1.0
-120.0 102.0 1.0 1.0
-114.0 102.0 1.0 1.0
-108.0 102.0 1.0 1.0
-102.0 102.0 1.0 1.0
-96.0 102.0 1.0 1.0
-90.0 102.0 1.0 1.0
-84.0 102.0 1.0 1.0
-78.0 102.0 1.0 1.0
-72.0 102.0 1.0 1.0
-66.0 102.0 1.0 1.0
-60.0 102.0 1.0 1.0
-54.0 102.0 1.0 1.0
-48.0 102.0 1.0 1.0
-42.0 102.0 1.0 1.0
-36.0 102.0 1.0 1.0
-30.0 102.0 1.0 1.0
-24.0 102.0 1.0 1.0
-18.0 102.0 1.0 1.0
-12.0 102.0 1.0 1.0
-6.0 102.0 1.0 1.0
0.0 102.0 1.0 1.0
6.0 102.0 1.0 1.0
12.0 102.0 1.0 1.0
18.0 102.0 1.0 1.0
24.0 102.0 1.0 1.0
30.0 102.0 1.0 1.0
36.0 102.0 1.0 1.0
42.0 102.0 1.0 1.0
48.0 102.0 1.0 1.0
54.0 102.0 1.0 1.0
60.0 102.0 1.0 1.0
66.0 102.0 1.0 1.0
72.0 102.0 1.0 1.0
78.0 102.0 1.0 1.0
84.0 102.0 1.0 1.0
90.0 102.0 1.0 1.0
96.0 102.0 1.0 1.0
102.0 102.0 1.0 1.0
108.0 102.0 1.0 1.0
114.0 102.0 1.0 1.0
120.0 102.0 1.0 1.0
-120.0 108.0 1.0 1.0
-114.0 108.0 1.0 1.0
-108.0 108.0 1.0 1.0
-102.0 108.0 1.0 1.0
-96.0 108.0 1.0 1.0
-90.0 108.0 1.0 1.0
-84.0 108.0 1.0 1.0
-78.0 108.0 1.0 1.0
-72.0 108.0 1.0 1.0
-66.0 108.0 1.0 1.0
-60.0 108.0 1.0 1.0
-54.0 108.0 1.0 1.0
-48.0 108.0 1.0 1.0
-42.0 108.0 1.0 1.0
-36.0 108.0 1.0 1.0
-30.0 108.0 1.0 1.0
-24.0 108.0 1.0 1.0
-18.0 108.0 1.0 1.0
-12.0 108.0 1.0 1.0
-6.0 108.0 1.0 1.0
0.0 108.0 1.0 1.0
6.0 108.0 1.0 1.0
12.0 108.0 1.0 1.0
18.0 108.0 1.0 1.0
24.0 108.0 1.0 1.0
30.0 108.0 1.0 1.0
36.0 108.0 1.0 1.0
42.0 108.0 1.0 1.0
48.0 108.0 1.0 1.0
54.0 108.0 1.0 1.0
60.0 108.0 1.0 1.0
66.0 108.0 1.0 1.0
72.0 108.0 1.0 1.0
78.0 108.0 1.0 1.0
84.0 108.0 1.0 1.0
90.0 108.0 1.0 1.0
96.0 108.0 1.0 1.0
102.0 108.0 1.0 1.0
108.0 108.0 1.0 1.0
114.0 108.0 1.0 1.0
120.0 108.0 1.0 1.0
-120.0 114.0 1.0 1.0
-114.0 114.0 1.0 1.0
-108.0 114.0 1.0 1.0
-102.0 114.0 1.0 1.0
-96.0 114.0 1.0 1.0
-90.0 114.0 1.0 1.0
-84.0 114.0 1.0 1.0
-78.0 114.0 1.0 1.0
-72.0 114.0 1.0 1.0
-66.0 114.0 1.0 1.0
-60.0 114.0 1.0 1.0
-54.0 114.0 1.0 1.0
-48.0 114.0 1.0 1.0
-42.0 114.0 1.0 1.0
-36.0 114.0 1.0 1.0
-30.0 114.0 1.0 1.0
-24.0 114.0 1.0 1.0
-18.0 114.0 1.0 1.0
-12.0 114.0 1.0 1.0
-6.0 114.0 1.0 1.0
0.0 114.0 1.0 1.0
6.0 114.0 1.0 1.0
12.0 114.0 1.0 1.0
