#Mock images
1
2
3
4
5
1
441
-50.0 -60.0 1.0 1.0
-45.0 -60.0 1.0 1.0
-40.0 -60.0 1.0 1.0
-35.0 -60.0 1.0 1.0
-30.0 -60.0 1.0 1.0
-25.0 -60.0 1.0 1.0
-20.0 -60.0 1.0 1.0
-15.0 -60.0 1.0 1.0
-10.0 -60.0 1.0 1.0
-5.0 -60.0 1.0 1.0
0.0 -60.0 1.0 1.0
5.0 -60.0 1.0 1.0
10.0 -60.0 1.0 1.0
15.0 -60.0 1.0 1.0
20.0 -60.0 1.0 1.0
25.0 -60.0 1.0 1.0
30.0 -60.0 1.0 1.0
35.0 -60.0 1.0 1.0
40.0 -60.0 1.0 1.0
45.0 -60.0 1.0 1.0
50.0 -60.0 1.0 1.0
-50.0 -56.0 1.0 1.0
-45.0 -56.0 1.0 1.0
-40.0 -56.0 1.0 1.0
-35.0 -56.0 1.0 1.0
-30.0 -56.0 1.0 1.0
-25.0 -56.0 1.0 1.0
-20.0 -56.0 1.0 1.0
-15.0 -56.0 1.0 1.0
-10.0 -56.0 1.0 1.0
-5.0 -56.0 1.0 1.0
0.0 -56.0 1.0 1.0
5.0 -56.0 1.0 1.0
10.0 -56.0 1.0 1.0
15.0 -56.0 1.0 1.0
20.0 -56.0 1.0 1.0
25.0 -56.0 1.0 1.0
30.0 -56.0 1.0 1.0
35.0 -56.0 1.0 1.0
40.0 -56.0 1.0 1.0
45.0 -56.0 1.0 1.0
50.0 -56.0 1.0 1.0
-50.0 -52.0 1.0 1.0
-45.0 -52.0 1.0 1.0
-40.0 -52.0 1.0 1.0
-35.0 -52.0 1.0 1.0
-30.0 -52.0 1.0 1.0
-25.0 -52.0 1.0 1.0
-20.0 -52.0 1.0 1.0
-15.0 -52.0 1.0 1.0
-10.0 -52.0 1.0 1.0
-5.0 -52.0 1.0 1.0
0.0 -52.0 1.0 1.0
5.0 -52.0 1.0 1.0
10.0 -52.0 1.0 1.0
15.0 -52.0 1.0 1.0
20.0 -52.0 1.0 1.0
25.0 -52.0 1.0 1.0
30.0 -52.0 1.0 1.0
35.0 -52.0 1.0 1.0
40.0 -52.0 1.0 1.0
45.0 -52.0 1.0 1.0
50.0 -52.0 1.0 1.0
-50.0 -48.0 1.0 1.0
-45.0 -48.0 1.0 1.0
-40.0 -48.0 1.0 1.0
-35.0 -48.0 1.0 1.0
-30.0 -48.0 1.0 1.0
-25.0 -48.0 1.0 1.0
-20.0 -48.0 1.0 1.0
-15.0 -48.0 1.0 1.0
-10.0 -48.0 1.0 1.0
-5.0 -48.0 1.0 1.0
0.0 -48.0 1.0 1.0
5.0 -48.0 1.0 1.0
10.0 -48.0 1.0 1.0
15.0 -48.0 1.0 1.0
20.0 -48.0 1.0 1.0
25.0 -48.0 1.0 1.0
30.0 -48.0 1.0 1.0
35.0 -48.0 1.0 1.0
40.0 -48.0 1.0 1.0
45.0 -48.0 1.0 1.0
50.0 -48.0 1.0 1.0
-50.0 -44.0 1.0 1.0
-45.0 -44.0 1.0 1.0
-40.0 -44.0 1.0 1.0
-35.0 -44.0 1.0 1.0
-30.0 -44.0 1.0 1.0
-25.0 -44.0 1.0 1.0
-20.0 -44.0 1.0 1.0
-15.0 -44.0 1.0 1.0
-10.0 -44.0 1.0 1.0
-5.0 -44.0 1.0 1.0
0.0 -44.0 1.0 1.0
5.0 -44.0 1.0 1.0
10.0 -44.0 1.0 1.0
15.0 -44.0 1.0 1.0
20.0 -44.0 1.0 1.0
25.0 -44.0 1.0 1.0
30.0 -44.0 1.0 1.0
35.0 -44.0 1.0 1.0
40.0 -44.0 1.0 1.0
45.0 -44.0 1.0 1.0
50.0 -44.0 1.0 1.0
-50.0 -40.0 1.0 1.0
-45.0 -40.0 1.0 1.0
-40.0 -40.0 1.0 1.0
-35.0 -40.0 1.0 1.0
-30.0 -40.0 1.0 1.0
-25.0 -40.0 1.0 1.0
-20.0 -40.0 1.0 1.0
-15.0 -40.0 1.0 1.0
-10.0 -40.0 1.0 1.0
-5.0 -40.0 1.0 1.0
0.0 -40.0 1.0 1.0
5.0 -40.0 1.0 1.0
10.0 -40.0 1.0 1.0
15.0 -40.0 1.0 1.0
20.0 -40.0 1.0 1.0
25.0 -40.0 1.0 1.0
30.0 -40.0 1.0 1.0
35.0 -40.0 1.0 1.0
40.0 -40.0 1.0 1.0
45.0 -40.0 1.0 1.0
50.0 -40.0 1.0 1.0
-50.0 -36.0 1.0 1.0
-45.0 -36.0 1.0 1.0
-40.0 -36.0 1.0 1.0
-35.0 -36.0 1.0 1.0
-30.0 -36.0 1.0 1.0
-25.0 -36.0 1.0 1.0
-20.0 -36.0 1.0 1.0
-15.0 -36.0 1.0 1.0
-10.0 -36.0 1.0 1.0
-5.0 -36.0 1.0 1.0
0.0 -36.0 1.0 1.0
5.0 -36.0 1.0 1.0
10.0 -36.0 1.0 1.0
15.0 -36.0 1.0 1.0
20.0 -36.0 1.0 1.0
25.0 -36.0 1.0 1.0
30.0 -36.0 1.0 1.0
35.0 -36.0 1.0 1.0
40.0 -36.0 1.0 1.0
45.0 -36.0 1.0 1.0
50.0 -36.0 1.0 1.0
-50.0 -32.0 1.0 1.0
-45.0 -32.0 1.0 1.0
-40.0 -32.0 1.0 1.0
-35.0 -32.0 1.0 1.0
-30.0 -32.0 1.0 1.0
-25.0 -32.0 1.0 1.0
-20.0 -32.0 1.0 1.0
-15.0 -32.0 1.0 1.0
-10.0 -32.0 1.0 1.0
-5.0 -32.0 1.0 1.0
0.0 -32.0 1.0 1.0
5.0 -32.0 1.0 1.0
10.0 -32.0 1.0 1.0
15.0 -32.0 1.0 1.0
20.0 -32.0 1.0 1.0
25.0 -32.0 1.0 1.0
30.0 -32.0 1.0 1.0
35.0 -32.0 1.0 1.0
40.0 -32.0 1.0 1.0
45.0 -32.0 1.0 1.0
50.0 -32.0 1.0 1.0
-50.0 -28.0 1.0 1.0
-45.0 -28.0 1.0 1.0
-40.0 -28.0 1.0 1.0
-35.0 -28.0 1.0 1.0
-30.0 -28.0 1.0 1.0
-25.0 -28.0 1.0 1.0
-20.0 -28.0 1.0 1.0
-15.0 -28.0 1.0 1.0
-10.0 -28.0 1.0 1.0
-5.0 -28.0 1.0 1.0
0.0 -28.0 1.0 1.0
5.0 -28.0 1.0 1.0
10.0 -28.0 1.0 1.0
15.0 -28.0 1.0 1.0
20.0 -28.0 1.0 1.0
25.0 -28.0 1.0 1.0
30.0 -28.0 1.0 1.0
35.0 -28.0 1.0 1.0
40.0 -28.0 1.0 1.0
45.0 -28.0 1.0 1.0
50.0 -28.0 1.0 1.0
-50.0 -24.0 1.0 1.0
-45.0 -24.0 1.0 1.0
-40.0 -24.0 1.0 1.0
-35.0 -24.0 1.0 1.0
-30.0 -24.0 1.0 1.0
-25.0 -24.0 1.0 1.0
-20.0 -24.0 1.0 1.0
-15.0 -24.0 1.0 1.0
-10.0 -24.0 1.0 1.0
-5.0 -24.0 1.0 1.0
0.0 -24.0 1.0 1.0
5.0 -24.0 1.0 1.0
10.0 -24.0 1.0 1.0
15.0 -24.0 1.0 1.0
20.0 -24.0 1.0 1.0
25.0 -24.0 1.0 1.0
30.0 -24.0 1.0 1.0
35.0 -24.0 1.0 1.0
40.0 -24.0 1.0 1.0
45.0 -24.0 1.0 1.0
50.0 -24.0 1.0 1.0
-50.0 -20.0 1.0 1.0
-45.0 -20.0 1.0 1.0
-40.0 -20.0 1.0 1.0
-35.0 -20.0 1.0 1.0
-30.0 -20.0 1.0 1.0
-25.0 -20.0 1.0 1.0
-20.0 -20.0 1.0 1.0
-15.0 -20.0 1.0 1.0
-10.0 -20.0 1.0 1.0
-5.0 -20.0 1.0 1.0
0.0 -20.0 1.0 1.0
5.0 -20.0 1.0 1.0
10.0 -20.0 1.0 1.0
15.0 -20.0 1.0 1.0
20.0 -20.0 1.0 1.0
25.0 -20.0 1.0 1.0
30.0 -20.0 1.0 1.0
35.0 -20.0 1.0 1.0
40.0 -20.0 1.0 1.0
45.0 -20.0 1.0 1.0
50.0 -20.0 1.0 1.0
-50.0 -16.0 1.0 1.0
-45.0 -16.0 1.0 1.0
-40.0 -16.0 1.0 1.0
-35.0 -16.0 1.0 1.0
-30.0 -16.0 1.0 1.0
-25.0 -16.0 1.0 1.0
-20.0 -16.0 1.0 1.0
-15.0 -16.0 1.0 1.0
-10.0 -16.0 1.0 1.0
-5.0 -16.0 1.0 1.0
0.0 -16.0 1.0 1.0
5.0 -16.0 1.0 1.0
10.0 -16.0 1.0 1.0
15.0 -16.0 1.0 1.0
20.0 -16.0 1.0 1.0
25.0 -16.0 1.0 1.0
30.0 -16.0 1.0 1.0
35.0 -16.0 1.0 1.0
40.0 -16.0 1.0 1.0
45.0 -16.0 1.0 1.0
50.0 -16.0 1.0 1.0
-50.0 -12.0 1.0 1.0
-45.0 -12.0 1.0 1.0
-40.0 -12.0 1.0 1.0
-35.0 -12.0 1.0 1.0
-30.0 -12.0 1.0 1.0
-25.0 -12.0 1.0 1.0
-20.0 -12.0 1.0 1.0
-15.0 -12.0 1.0 1.0
-10.0 -12.0 1.0 1.0
-5.0 -12.0 1.0 1.0
0.0 -12.0 1.0 1.0
5.0 -12.0 1.0 1.0
10.0 -12.0 1.0 1.0
15.0 -12.0 1.0 1.0
20.0 -12.0 1.0 1.0
25.0 -12.0 1.0 1.0
30.0 -12.0 1.0 1.0
35.0 -12.0 1.0 1.0
40.0 -12.0 1.0 1.0
45.0 -12.0 1.0 1.0
50.0 -12.0 1.0 1.0
-50.0 -8.0 1.0 1.0
-45.0 -8.0 1.0 1.0
-40.0 -8.0 1.0 1.0
-35.0 -8.0 1.0 1.0
-30.0 -8.0 1.0 1.0
-25.0 -8.0 1.0 1.0
-20.0 -8.0 1.0 1.0
-15.0 -8.0 1.0 1.0
-10.0 -8.0 1.0 1.0
-5.0 -8.0 1.0 1.0
0.0 -8.0 1.0 1.0
5.0 -8.0 1.0 1.0
10.0 -8.0 1.0 1.0
15.0 -8.0 1.0 1.0
20.0 -8.0 1.0 1.0
25.0 -8.0 1.0 1.0
30.0 -8.0 1.0 1.0
35.0 -8.0 1.0 1.0
40.0 -8.0 1.0 1.0
45.0 -8.0 1.0 1.0
50.0 -8.0 1.0 1.0
-50.0 -4.0 1.0 1.0
-45.0 -4.0 1.0 1.0
-40.0 -4.0 1.0 1.0
-35.0 -4.0 1.0 1.0
-30.0 -4.0 1.0 1.0
-25.0 -4.0 1.0 1.0
-20.0 -4.0 1.0 1.0
-15.0 -4.0 1.0 1.0
-10.0 -4.0 1.0 1.0
-5.0 -4.0 1.0 1.0
0.0 -4.0 1.0 1.0
5.0 -4.0 1.0 1.0
10.0 -4.0 1.0 1.0
15.0 -4.0 1.0 1.0
20.0 -4.0 1.0 1.0
25.0 -4.0 1.0 1.0
30.0 -4.0 1.0 1.0
35.0 -4.0 1.0 1.0
40.0 -4.0 1.0 1.0
45.0 -4.0 1.0 1.0
50.0 -4.0 1.0 1.0
-50.0 0.0 1.0 1.0
-45.0 0.0 1.0 1.0
-40.0 0.0 1.0 1.0
-35.0 0.0 1.0 1.0
-30.0 0.0 1.0 1.0
-25.0 0.0 1.0 1.0
-20.0 0.0 1.0 1.0
-15.0 0.0 1.0 1.0
-10.0 0.0 1.0 1.0
-5.0 0.0 1.0 1.0
0.0 0.0 1.0 1.0
5.0 0.0 1.0 1.0
10.0 0.0 1.0 1.0
15.0 0.0 1.0 1.0
20.0 0.0 1.0 1.0
25.0 0.0 1.0 1.0
30.0 0.0 1.0 1.0
35.0 0.0 1.0 1.0
40.0 0.0 1.0 1.0
45.0 0.0 1.0 1.0
50.0 0.0 1.0 1.0
-50.0 4.0 1.0 1.0
-45.0 4.0 1.0 1.0
-40.0 4.0 1.0 1.0
-35.0 4.0 1.0 1.0
-30.0 4.0 1.0 1.0
-25.0 4.0 1.0 1.0
-20.0 4.0 1.0 1.0
-15.0 4.0 1.0 1.0
-10.0 4.0 1.0 1.0
-5.0 4.0 1.0 1.0
0.0 4.0 1.0 1.0
5.0 4.0 1.0 1.0
10.0 4.0 1.0 1.0
15.0 4.0 1.0 1.0
20.0 4.0 1.0 1.0
25.0 4.0 1.0 1.0
30.0 4.0 1.0 1.0
35.0 4.0 1.0 1.0
40.0 4.0 1.0 1.0
45.0 4.0 1.0 1.0
50.0 4.0 1.0 1.0
-50.0 8.0 1.0 1.0
-45.0 8.0 1.0 1.0
-40.0 8.0 1.0 1.0
-35.0 8.0 1.0 1.0
-30.0 8.0 1.0 1.0
-25.0 8.0 1.0 1.0
-20.0 8.0 1.0 1.0
-15.0 8.0 1.0 1.0
-10.0 8.0 1.0 1.0
-5.0 8.0 1.0 1.0
0.0 8.0 1.0 1.0
5.0 8.0 1.0 1.0
10.0 8.0 1.0 1.0
15.0 8.0 1.0 1.0
20.0 8.0 1.0 1.0
25.0 8.0 1.0 1.0
30.0 8.0 1.0 1.0
35.0 8.0 1.0 1.0
40.0 8.0 1.0 1.0
45.0 8.0 1.0 1.0
50.0 8.0 1.0 1.0
-50.0 12.0 1.0 1.0
-45.0 12.0 1.0 1.0
-40.0 12.0 1.0 1.0
-35.0 12.0 1.0 1.0
-30.0 12.0 1.0 1.0
-25.0 12.0 1.0 1.0
-20.0 12.0 1.0 1.0
-15.0 12.0 1.0 1.0
-10.0 12.0 1.0 1.0
-5.0 12.0 1.0 1.0
0.0 12.0 1.0 1.0
5.0 12.0 1.0 1.0
10.0 12.0 1.0 1.0
15.0 12.0 1.0 1.0
20.0 12.0 1.0 1.0
25.0 12.0 1.0 1.0
30.0 12.0 1.0 1.0
35.0 12.0 1.0 1.0
40.0 12.0 1.0 1.0
45.0 12.0 1.0 1.0
50.0 12.0 1.0 1.0
-50.0 16.0 1.0 1.0
-45.0 16.0 1.0 1.0
-40.0 16.0 1.0 1.0
-35.0 16.0 1.0 1.0
-30.0 16.0 1.0 1.0
-25.0 16.0 1.0 1.0
-20.0 16.0 1.0 1.0
-15.0 16.0 1.0 1.0
-10.0 16.0 1.0 1.0
-5.0 16.0 1.0 1.0
0.0 16.0 1.0 1.0
5.0 16.0 1.0 1.0
10.0 16.0 1.0 1.0
15.0 16.0 1.0 1.0
20.0 16.0 1.0 1.0
25.0 16.0 1.0 1.0
30.0 16.0 1.0 1.0
35.0 16.0 1.0 1.0
40.0 16.0 1.0 1.0
45.0 16.0 1.0 1.0
50.0 16.0 1.0 1.0
-50.0 20.0 1.0 1.0
-45.0 20.0 1.0 1.0
-40.0 20.0 1.0 1.0
-35.0 20.0 1.0 1.0
-30.0 20.0 1.0 1.0
-25.0 20.0 1.0 1.0
-20.0 20.0 1.0 1.0
-15.0 20.0 1.0 1.0
-10.0 20.0 1.0 1.0
-5.0 20.0 1.0 1.0
0.0 20.0 1.0 1.0
5.0 20.0 1.0 1.0
10.0 20.0 1.0 1.0
15.0 20.0 1.0 1.0
20.0 20.0 1.0 1.0
25.0 20.0 1.0 1.0
30.0 20.0 1.0 1.0
35.0 20.0 1.0 1.0
40.0 20.0 1.0 1.0
45.0 20.0 1.0 1.0
50.0 20.0 1.0 1.0
